800.141	-3.93616
800.101	0
800.06	0
800.019	11.8052
799.979	3.93451
799.938	11.8019
799.897	-11.8003
799.857	-11.7986
799.816	11.797
799.775	31.4542
799.735	-11.7937
799.694	-3.93068
799.653	7.86026
799.613	11.7888
799.572	19.6452
799.531	-3.92849
799.49	15.7118
799.45	3.92739
799.409	-3.92685
799.368	0
799.328	35.3318
799.287	-11.7756
799.246	11.774
799.206	-19.6206
799.165	-3.92357
799.124	-3.92302
799.084	-3.92247
799.043	31.3754
799.002	15.6855
798.961	3.92083
798.921	3.92029
798.88	7.83948
798.839	27.4344
798.799	0
798.758	3.9181
798.717	11.7527
798.676	11.751
798.636	-11.7494
798.595	7.83184
798.554	3.91537
798.514	3.91483
798.473	35.2285
798.432	-19.5687
798.391	27.3923
798.351	-7.82529
798.31	7.8242
798.269	7.82311
798.229	7.82202
798.188	19.5523
798.147	-3.90992
798.106	3.90937
798.066	15.6353
798.025	11.7248
797.984	23.4464
797.943	0
797.903	3.90665
797.862	-11.7183
797.821	7.81112
797.78	0
797.74	11.7134
797.699	0
797.658	0
797.617	-11.7085
797.577	3.90229
797.536	0
797.495	27.3084
797.454	0
797.414	-11.7003
797.373	-3.89957
797.332	19.4951
797.291	3.89848
797.251	7.79588
797.21	-7.79479
797.169	0
797.128	-15.5852
797.087	0
797.047	11.6857
797.006	11.684
796.965	3.89413
796.924	0
796.884	3.89305
796.843	7.78501
796.802	3.89196
796.761	-7.78284
796.72	-3.89088
796.68	0
796.639	11.6694
796.598	15.557
796.557	3.8887
796.516	-11.6645
796.476	3.88762
796.435	19.4354
796.394	-3.88653
796.353	11.658
796.312	42.7399
796.272	-15.5396
796.231	-3.88436
796.19	-3.88382
796.149	23.2997
796.108	3.88274
796.068	-19.411
796.027	7.76331
795.986	7.76222
795.945	0
795.904	0
795.864	7.75897
795.823	27.1526
795.782	-3.8784
795.741	0
795.7	-3.87732
795.659	7.75356
795.619	7.75247
795.578	19.3785
795.537	3.87515
795.496	-7.74923
795.455	0
795.414	19.3677
795.374	-23.2379
795.333	7.7449
795.292	0
795.251	11.6141
795.21	3.87083
795.169	15.4811
795.129	-7.73949
795.088	3.86921
795.047	15.4747
795.006	30.945
794.965	0
794.924	19.3352
794.883	7.73301
794.843	-3.86596
794.802	-7.73085
794.761	3.86488
794.72	-7.72869
794.679	-3.8638
794.638	-7.72653
794.597	-19.3136
794.557	7.72437
794.516	-11.5849
794.475	-7.72221
794.434	19.3028
794.393	3.86003
794.352	-7.71897
794.311	15.4358
794.27	7.71681
794.23	15.4315
794.189	-7.71466
794.148	19.2839
794.107	15.425
794.066	15.4228
794.025	11.5655
793.984	3.85463
793.943	0
793.902	-3.85356
793.862	3.85302
793.821	7.70496
793.78	-26.9636
793.739	-7.7028
793.698	3.85086
793.657	0
793.616	11.5494
793.575	15.397
793.534	-3.84871
793.493	26.9372
793.453	3.84763
793.412	3.8471
793.371	26.9259
793.33	19.2301
793.289	-11.5364
793.248	-11.5348
793.207	-3.84441
793.166	-15.3755
793.125	-11.53
793.084	7.68559
793.043	0
793.002	-7.68344
792.961	-7.68236
792.921	3.84064
792.88	-7.68021
792.839	-7.67914
792.798	11.5171
792.757	19.1925
792.716	3.83796
792.675	15.3497
792.634	0
792.593	34.5271
792.552	11.5074
792.511	-15.3411
792.47	19.1737
792.429	-7.6684
792.388	0
792.347	26.8319
792.306	26.8281
792.266	22.9923
792.225	-3.83152
792.184	30.6479
792.143	7.66089
792.102	3.82991
792.061	-22.9763
792.02	-19.1442
791.979	11.4849
791.938	3.82777
791.897	7.65446
791.856	-3.8267
791.815	11.4785
791.774	0
791.733	-3.82509
791.692	-3.82455
791.651	-3.82402
791.61	0
791.569	-15.2918
791.528	7.64483
791.487	7.64375
791.446	26.7494
791.405	11.4624
791.364	-26.7419
791.323	-15.2789
791.282	-15.2768
791.241	-3.81867
791.2	-3.81813
791.159	-3.8176
791.118	-15.2683
791.077	3.81653
791.036	-7.63199
790.995	22.8928
790.954	-3.81493
790.913	3.81439
790.872	7.62771
790.831	15.2533
790.79	-3.81279
790.749	3.81225
790.708	-11.4352
790.667	11.4336
790.626	26.6746
790.585	-7.62024
790.544	19.0479
790.503	0
790.462	-3.80852
790.421	-3.80798
790.38	3.80745
790.339	-7.61383
790.298	3.80638
790.257	15.2234
790.216	26.6372
790.175	15.2191
790.134	-3.80425
790.093	3.80372
790.052	41.835
790.011	19.0133
789.97	22.8127
789.929	-7.60317
789.888	3.80105
789.847	-11.4016
789.806	-7.59998
789.765	-11.3984
789.724	15.1957
789.683	26.5887
789.642	11.3936
789.6	15.1893
789.559	11.3904
789.518	15.185
789.477	3.79573
789.436	7.59039
789.395	-7.58933
789.354	-3.79413
789.313	11.3808
789.272	-15.1723
789.231	26.5478
789.19	-7.58401
789.149	0
789.108	0
789.067	0
789.026	11.3696
788.985	-7.57869
788.943	-7.57763
788.902	15.1531
788.861	0
788.82	-3.78722
788.779	22.7201
788.738	7.57232
788.697	3.78563
788.656	-3.7851
788.615	15.1383
788.574	-7.56807
788.533	15.134
788.492	11.3489
788.45	18.9122
788.409	0
788.368	0
788.327	-26.466
788.286	-3.78032
788.245	0
788.204	3.77926
788.163	15.1149
788.122	15.1128
788.081	-7.55534
788.04	15.1086
787.998	15.1064
787.957	-7.55216
787.916	7.5511
787.875	-3.77502
787.834	26.4214
787.793	22.6438
787.752	-3.77343
787.711	11.3187
787.669	15.0895
787.628	-11.3155
787.587	18.8566
787.546	0
787.505	7.54051
787.464	0
787.423	-15.0768
787.382	15.0747
787.34	-15.0725
787.299	0
787.258	-11.3012
787.217	7.5331
787.176	7.53204
787.135	7.53098
787.094	11.2949
787.053	15.0577
787.011	0
786.97	-15.0535
786.929	-3.76285
786.888	22.5739
786.847	11.2854
786.806	11.2838
786.765	15.0429
786.723	0
786.682	15.0387
786.641	-7.5183
786.6	0
786.559	15.0324
786.518	-11.2727
786.476	11.2711
786.435	11.2695
786.394	11.268
786.353	15.0218
786.312	3.75493
786.271	22.5264
786.229	-18.7694
786.188	3.75335
786.147	11.2585
786.106	3.75229
786.065	11.2553
786.024	15.0049
785.982	7.50142
785.941	15.0007
785.9	0
785.859	-11.2474
785.818	18.743
785.776	-14.9923
785.735	14.9902
785.694	29.9762
785.653	3.74649
785.612	-18.7298
785.57	14.9818
785.529	3.74492
785.488	3.74439
785.447	-11.2316
785.406	22.46
785.365	18.714
785.323	18.7114
785.282	26.1923
785.241	-7.48246
785.2	0
785.158	0
785.117	7.47931
785.076	11.2174
785.035	3.7386
784.994	3.73808
784.952	3.73755
784.911	-3.73703
784.87	18.6825
784.829	11.2079
784.788	11.2063
784.746	-3.73492
784.705	7.4688
784.664	18.6694
784.623	14.9334
784.581	-26.1298
784.54	14.9292
784.499	11.1953
784.458	11.1937
784.416	7.46145
784.375	26.1114
784.334	-3.72967
784.293	7.4583
784.252	-14.9145
784.21	-3.7281
784.169	-3.72757
784.128	-3.72705
784.087	0
784.045	7.452
784.004	14.9019
783.963	-3.72495
783.922	-3.72443
783.88	3.7239
783.839	11.1701
783.798	18.6143
783.757	29.7787
783.715	0
783.674	-3.72128
783.633	0
783.591	-11.1607
783.55	-3.71971
783.509	18.5959
783.468	-11.156
783.426	-7.43629
783.385	14.8705
783.344	26.0197
783.303	14.8663
783.261	40.8765
783.22	11.1466
783.179	3.715
783.137	29.7158
783.096	0
783.055	0
783.014	18.5646
782.972	25.9867
782.931	18.5593
782.89	14.8454
782.848	-14.8433
782.807	7.4206
782.766	0
782.725	3.70925
782.683	3.70873
782.642	-3.70821
782.601	11.1231
782.559	3.70716
782.518	7.41328
782.477	11.1184
782.435	-7.41119
782.394	-3.70508
782.353	0
782.312	3.70403
782.27	11.1105
782.229	3.70299
782.188	-3.70247
782.146	14.8078
782.105	3.70142
782.064	0
782.022	7.40076
781.981	11.0996
781.94	22.196
781.898	7.39763
781.857	22.1898
781.816	18.4889
781.774	-14.789
781.733	7.39346
781.692	-7.39242
781.65	7.39138
781.609	-3.69517
781.568	0
781.526	11.0824
781.485	14.7744
781.444	25.8516
781.402	-3.69256
781.361	-7.38409
781.32	7.38305
781.278	7.38201
781.237	18.4524
781.196	18.4498
781.154	11.0683
781.113	18.4446
781.072	-18.442
781.03	7.37576
780.989	14.7494
780.948	11.0605
780.906	7.37264
780.865	11.0574
780.823	22.1117
780.782	-14.739
780.741	18.4212
780.699	36.8372
780.658	-3.6832
780.617	3.68268
780.575	22.093
780.534	-18.4082
780.493	0
780.451	11.0418
780.41	22.0805
780.368	22.0774
780.327	0
780.286	3.67853
780.244	3.67801
780.203	-3.67749
780.161	-7.35395
780.12	7.35291
780.079	-3.67594
780.037	-3.67542
779.996	3.6749
779.955	-7.34876
779.913	-7.34772
779.872	-3.67334
779.83	11.0185
779.789	0
779.748	0
779.706	3.67127
779.665	-7.3415
779.623	3.67023
779.582	0
779.541	-14.6768
779.499	7.33736
779.458	3.66816
779.416	3.66764
779.375	22.0028
779.333	18.333
779.292	-7.33218
779.251	29.3246
779.209	-3.66506
779.168	-7.32908
779.126	0
779.085	-10.9905
779.044	-10.989
779.002	14.6499
778.961	21.9717
778.919	-10.9843
778.878	0
778.836	18.302
778.795	-7.31977
778.754	14.6375
778.712	3.65885
778.671	10.975
778.629	-10.9734
778.588	-18.2865
778.546	14.6271
778.505	18.2813
778.463	21.9345
778.422	0
778.381	7.30943
778.339	18.271
778.298	7.30737
778.256	18.2658
778.215	21.9159
778.173	25.565
778.132	0
778.09	-7.30221
778.049	7.30118
778.007	-7.30014
777.966	0
777.925	10.9471
777.883	7.29705
777.842	25.5361
777.8	10.9425
777.759	18.2349
777.717	21.8788
777.676	3.64595
777.634	-10.9363
777.593	25.5144
777.551	14.5776
777.51	-10.9317
777.468	7.28674
777.427	3.64286
777.385	14.5694
777.344	-14.5673
777.302	14.5652
777.261	25.4856
777.219	18.2014
777.178	-3.63977
777.136	3.63925
777.095	36.3874
777.053	-7.27645
777.012	21.8263
776.971	-3.63719
776.929	14.5467
776.888	-3.63617
776.846	10.907
776.805	0
776.763	10.9039
776.721	0
776.68	14.5344
776.638	3.63308
776.597	29.0605
776.555	39.9526
776.514	25.4208
776.472	0
776.431	3.63051
776.389	32.67
776.348	-3.62948
776.306	18.1449
776.265	29.0277
776.223	10.8838
776.182	0
776.14	10.8808
776.099	0
776.057	0
776.016	32.6284
775.974	0
775.933	0
775.891	14.4954
775.85	7.24665
775.808	43.4738
775.766	25.3561
775.725	0
775.683	25.3489
775.642	-3.62076
775.6	21.7215
775.559	-7.23947
775.517	25.3346
775.476	10.8561
775.434	-3.6182
775.393	18.0884
775.351	14.4687
775.309	10.85
775.268	7.2323
775.226	32.5408
775.185	-10.8454
775.143	7.22923
775.102	7.22821
775.06	0
775.019	3.61308
774.977	10.8377
774.935	10.8362
774.894	3.61155
774.852	0
774.811	28.8842
774.769	10.83
774.728	10.8285
774.686	10.827
774.644	3.60848
774.603	10.8239
774.561	-14.4298
774.52	0
774.478	-3.60643
774.437	0
774.395	18.0271
774.353	-14.4196
774.312	-7.20878
774.27	18.0194
774.229	-7.20674
774.187	18.0143
774.145	-3.60235
774.104	18.0092
774.062	7.20265
774.021	10.8024
773.979	14.4012
773.937	10.7994
773.896	-14.3971
773.854	3.59877
773.813	0
773.771	-10.7933
773.729	32.3752
773.688	3.59673
773.646	21.5773
773.605	0
773.563	3.5952
773.521	3.5947
773.48	14.3767
773.438	-3.59368
773.396	3.59317
773.355	17.9633
773.313	28.7372
773.272	25.1415
773.23	10.7734
773.188	-7.18124
773.147	7.18022
773.105	10.7688
773.063	21.5346
773.022	17.9429
772.98	25.1165
772.939	7.17513
772.897	35.8706
772.855	21.5193
772.814	14.3442
772.772	28.6842
772.73	17.9251
772.689	14.3381
772.647	-7.16801
772.605	10.7505
772.564	3.58299
772.522	10.7474
772.481	3.58197
772.439	17.9073
772.397	0
772.356	32.224
772.314	14.3198
772.272	0
772.231	21.4735
772.189	17.8921
772.147	0
772.106	25.0418
772.064	17.8845
772.022	35.7638
771.981	14.3035
771.939	3.57537
771.897	7.14972
771.856	0
771.814	0
771.772	28.5867
771.731	28.5826
771.689	17.8616
771.647	3.57182
771.606	17.8565
771.564	3.5708
771.522	-3.5703
771.48	0
771.439	17.8464
771.397	10.7063
771.355	10.7048
771.314	28.5421
771.272	0
771.23	14.267
771.189	-7.13248
771.147	10.6972
771.105	7.13046
771.064	14.2589
771.022	17.8211
770.98	7.12742
770.938	17.816
770.897	-3.5627
770.855	21.3731
770.813	32.0552
770.772	-3.56118
770.73	32.0461
770.688	7.12033
770.647	21.358
770.605	35.5916
770.563	10.6759
770.521	14.2326
770.48	10.6729
770.438	17.7857
770.396	7.11325
770.354	35.5612
770.313	-7.11123
770.271	17.7756
770.229	7.10921
770.188	21.3246
770.146	-3.5536
770.104	35.5309
770.062	24.8681
770.021	17.7604
769.979	28.4126
769.937	14.2043
769.895	28.4045
769.854	14.2002
769.812	21.2973
769.77	17.7453
769.728	10.6456
769.687	14.1922
769.645	14.1902
769.603	21.2822
769.561	24.8257
769.52	10.6381
769.478	14.1821
769.436	7.09003
769.394	21.2671
769.353	17.72
769.311	17.7175
769.269	14.172
769.227	24.7975
769.186	7.08398
769.144	17.7074
769.102	0
769.06	14.1619
769.019	35.3998
768.977	7.07895
768.935	-7.07794
768.893	10.6154
768.852	-7.07593
768.81	21.2248
768.768	14.1478
768.726	24.7552
768.684	21.2157
768.643	21.2127
768.601	24.7446
768.559	0
768.517	17.6697
768.476	10.6003
768.434	21.1976
768.392	10.5973
768.35	10.5958
768.308	17.6571
768.267	21.1855
768.225	7.06084
768.183	3.52992
768.141	10.5882
768.099	10.5867
768.058	10.5852
768.016	24.6953
767.974	28.2192
767.932	21.1614
767.89	3.5264
767.849	-10.5777
767.807	17.627
767.765	10.5747
767.723	17.622
767.681	49.3344
767.64	17.6169
767.598	7.04577
767.556	10.5672
767.514	10.5656
767.472	24.6497
767.43	14.0835
767.389	-14.0815
767.347	17.5994
767.305	10.5581
767.263	35.1887
767.221	28.147
767.179	10.5536
767.138	17.5868
767.096	14.0675
767.054	10.5491
767.012	24.6111
766.97	14.0615
766.928	10.5446
766.887	21.0862
766.845	21.0832
766.803	45.6737
766.761	17.5643
766.719	31.6112
766.677	24.583
766.636	14.0454
766.594	24.576
766.552	7.02072
766.51	10.5296
766.468	24.5655
766.426	28.0709
766.384	28.0669
766.343	28.0629
766.301	24.5515
766.259	24.548
766.217	0
766.175	31.5527
766.133	14.0214
766.091	14.0194
766.05	10.5131
766.008	17.5193
765.966	7.00672
765.924	10.5086
765.882	24.5165
765.84	7.00372
765.798	38.515
765.756	17.5043
765.715	3.50036
765.673	3.49986
765.631	17.4968
765.589	24.4921
765.547	17.4918
765.505	10.4936
765.463	17.4868
765.421	13.9875
765.38	3.49637
765.338	10.4876
765.296	20.9722
765.254	24.4641
765.212	10.4831
765.17	13.9755
765.128	27.947
765.086	13.9715
765.044	13.9695
765.002	6.98376
764.961	17.4569
764.919	38.3997
764.877	13.9616
764.835	27.9191
764.793	17.447
764.751	34.8889
764.709	31.3956
764.667	24.4153
764.625	27.8992
764.583	0
764.541	17.432
764.5	13.9436
764.458	10.4562
764.416	20.9095
764.374	17.4221
764.332	20.9035
764.29	10.4503
764.248	17.4146
764.206	-24.377
764.164	20.8916
764.122	10.4443
764.08	13.9237
764.038	13.9217
763.996	17.3997
763.954	48.7122
763.913	20.8737
763.871	13.9138
763.829	10.4339
763.787	27.8196
763.745	6.95391
763.703	13.9058
763.661	24.3317
763.619	17.3773
763.577	20.8498
763.535	41.6937
763.493	-6.94795
763.451	13.8939
763.409	27.7839
763.367	3.47249
763.325	24.3039
763.283	31.2435
763.241	24.297
763.199	10.4115
763.157	10.41
763.115	34.6951
763.073	17.3451
763.032	13.8741
762.99	0
762.948	24.2727
762.906	13.8681
762.864	17.3327
762.822	27.7283
762.78	27.7244
762.738	0
762.696	24.2519
762.654	27.7125
762.612	34.6357
762.57	-10.3892
762.528	31.1632
762.486	10.3862
762.444	34.6158
762.402	20.7665
762.36	-6.92119
762.318	13.8404
762.276	13.8384
762.234	6.91822
762.192	0
762.15	17.2906
762.108	27.661
762.066	-13.8285
762.024	24.1965
761.982	10.3684
761.94	27.6452
761.898	34.5515
761.856	38.0013
761.814	31.0875
761.772	6.90734
761.73	24.1722
761.688	17.2634
761.646	27.6175
761.604	24.1619
761.562	31.0608
761.52	17.2535
761.478	24.1515
761.436	20.6983
761.394	41.3907
761.352	48.2823
761.31	10.3447
761.268	58.6117
761.226	20.6835
761.184	34.4676
761.142	17.2313
761.1	17.2289
761.058	37.8981
761.015	44.7822
760.973	10.3329
760.931	20.6628
760.889	44.763
760.847	3.44281
760.805	30.9809
760.763	10.3255
760.721	17.2067
760.679	0
760.637	17.2017
760.595	34.3986
760.553	37.833
760.511	3.43887
760.469	34.3838
760.427	17.1894
760.385	34.3739
760.343	13.7476
760.301	24.0549
760.259	17.1796
760.217	6.87085
760.175	20.6096
760.132	17.1722
760.09	24.0376
760.048	24.0342
760.006	10.2989
759.964	13.7299
759.922	27.4558
759.88	30.8834
759.838	13.724
759.796	34.3051
759.754	17.1501
759.712	24.0067
759.67	20.5742
759.628	37.7139
759.586	41.1366
759.543	17.1378
759.501	17.1353
759.459	41.1189
759.417	20.5565
759.375	10.2768
759.333	0
759.291	3.42461
759.249	10.2724
759.207	6.84726
759.165	23.962
759.123	41.0718
759.08	27.3772
759.038	13.6867
758.996	17.1059
758.954	27.3655
758.912	27.3615
758.87	13.6788
758.828	27.3537
758.786	30.7685
758.744	17.0912
758.702	27.3419
758.659	0
758.617	13.667
758.575	17.0814
758.533	20.4947
758.491	30.7376
758.449	37.5628
758.407	30.7288
758.365	10.2415
758.323	20.48
758.28	30.7156
758.238	20.4741
758.196	-3.41186
758.154	23.8796
758.112	23.8762
758.07	27.2832
758.028	40.9189
757.986	37.5036
757.943	40.9071
757.901	23.8591
757.859	13.6318
757.817	27.2597
757.775	13.6279
757.733	0
757.691	0
757.648	30.6495
757.606	3.40501
757.564	34.0452
757.522	27.2323
757.48	40.8426
757.438	20.4184
757.396	23.818
757.353	0
757.311	17.008
757.269	20.4066
757.227	30.6055
757.185	27.201
757.143	37.396
757.1	10.1975
757.058	16.9933
757.016	-3.39818
756.974	6.79537
756.932	37.3692
756.89	10.1901
756.847	6.79245
756.805	27.1659
756.763	33.9525
756.721	13.579
756.679	10.1828
756.637	0
756.594	37.3263
756.552	16.964
756.51	16.9616
756.468	30.5265
756.426	13.5654
756.384	16.9543
756.341	3.39037
756.299	27.1191
756.257	20.3364
756.215	13.5556
756.173	33.8842
756.13	13.5517
756.088	27.0996
756.046	37.2566
756.004	33.8648
755.962	13.544
755.919	13.542
755.877	16.9251
755.835	23.6917
755.793	16.9202
755.751	33.8356
755.708	33.8307
755.666	16.9129
755.624	40.5852
755.582	23.6713
755.54	30.4301
755.497	50.7096
755.455	16.9008
755.413	20.278
755.371	27.0334
755.328	57.4378
755.286	20.2692
755.244	30.3995
755.202	33.7724
755.16	30.3908
755.117	20.2576
755.075	37.1336
755.033	23.6271
754.991	10.1244
754.948	33.7432
754.906	20.243
754.864	40.4802
754.822	20.2372
754.78	20.2343
754.737	23.6033
754.695	30.3427
754.653	30.3383
754.611	20.2226
754.568	33.6995
754.526	23.5863
754.484	-6.73797
754.442	20.211
754.399	16.8401
754.357	26.9402
754.315	16.8352
754.273	26.9325
754.23	23.5625
754.188	40.3871
754.146	33.6511
754.104	23.5524
754.061	30.2772
754.019	20.1819
753.977	36.9949
753.935	43.7149
753.892	40.3464
753.85	40.3406
753.808	33.6123
753.766	60.4935
753.723	26.8821
753.681	23.5185
753.639	33.593
753.596	16.7941
753.554	57.0916
753.512	6.71569
753.47	30.2163
753.427	10.0706
753.385	20.1384
753.343	16.7796
753.3	10.0663
753.258	13.4198
753.216	30.1901
753.174	10.0619
753.131	43.5954
753.089	30.1771
753.047	3.35253
753.004	16.7602
752.962	6.70312
752.92	43.564
752.878	26.8048
752.835	16.7506
752.793	0
752.751	36.8406
752.708	13.3947
752.666	10.0445
752.624	26.7816
752.581	26.7777
752.539	23.4271
752.497	36.8088
752.455	0
752.412	30.1076
752.37	40.1377
752.328	16.7216
752.285	23.4069
752.243	26.7469
752.201	26.743
752.158	26.7391
752.116	26.7353
752.074	16.7071
752.031	30.0685
751.989	40.0856
751.947	23.3799
751.904	43.4135
751.862	36.7292
751.82	20.0312
751.777	36.7186
751.735	36.7133
751.693	43.3822
751.65	16.6831
751.608	46.7058
751.566	20.0139
751.523	40.022
751.481	26.6775
751.439	46.6789
751.396	30.0035
751.354	16.6662
751.312	19.9966
751.269	26.6583
751.227	33.318
751.185	29.9819
751.142	26.6467
751.1	23.3125
751.058	9.98963
751.015	6.6588
750.973	26.6313
750.931	29.9559
750.888	29.9516
750.846	36.6022
750.803	36.5969
750.761	36.5917
750.719	33.2603
750.676	36.5811
750.634	49.8761
750.592	23.2722
750.549	36.5653
750.507	23.2654
750.465	16.6158
750.422	23.2587
750.38	33.2219
750.337	29.8954
750.295	26.5699
750.253	26.566
750.21	23.2419
750.168	53.1167
750.126	36.5125
750.083	9.95651
750.041	26.5469
749.998	33.1788
749.956	26.5392
749.914	43.1199
749.871	29.848
749.829	43.1075
749.786	59.6787
749.744	33.15
749.702	33.1452
749.659	46.3966
749.617	49.7035
749.574	19.8785
749.532	19.8756
749.49	19.8728
749.447	39.7398
749.405	43.0452
749.362	39.7283
749.32	39.7226
749.278	26.4779
749.235	19.8555
749.193	39.7053
749.15	29.7747
749.108	23.1548
749.066	23.1514
749.023	39.6824
748.981	13.2255
748.938	42.9768
748.896	19.8326
748.853	9.91486
748.811	39.6537
748.769	19.824
748.726	62.7669
748.684	49.5456
748.641	23.1179
748.599	26.4167
748.556	26.4129
748.514	56.1192
748.472	49.5098
748.429	39.6021
748.387	32.997
748.344	36.2914
748.302	56.0786
748.259	32.9827
748.217	46.1691
748.175	19.7839
748.132	36.2652
748.09	29.6672
748.047	29.6629
748.005	65.9081
747.962	13.1797
747.92	49.4168
747.877	49.4096
747.835	13.174
747.792	36.2232
747.75	69.1434
747.708	49.381
747.665	29.6243
747.623	23.0378
747.58	32.9064
747.538	36.1918
747.495	29.6072
747.453	32.8921
747.41	29.5986
747.368	39.4591
747.325	29.59
747.283	26.2984
747.24	19.721
747.198	49.2953
747.155	32.8588
747.113	0
747.071	26.2794
747.028	39.4134
746.986	36.1237
746.943	29.5515
746.901	32.8302
746.858	13.1302
746.816	39.3848
746.773	32.8159
746.731	19.6867
746.688	32.8064
746.646	16.4008
746.603	45.9157
746.561	42.6298
746.518	36.0662
746.476	26.2261
746.433	32.7779
746.391	29.4959
746.348	16.3842
746.306	39.3164
746.263	16.3795
746.221	22.9279
746.178	26.1995
746.136	42.5681
746.093	45.8359
746.051	49.1028
746.008	26.1844
745.966	29.4531
745.923	42.5372
745.881	13.0865
745.838	32.7115
745.796	29.436
745.753	29.4318
745.711	19.6183
745.668	26.154
745.625	42.4941
745.583	42.4879
745.54	26.1426
745.498	39.2082
745.455	29.4019
745.413	3.26641
745.37	45.723
745.328	29.3891
745.285	22.8549
745.243	42.4386
745.2	26.1123
745.158	52.217
745.115	45.6833
745.073	16.3131
745.03	19.5729
744.987	45.6634
744.945	29.3508
744.902	35.868
744.86	29.3423
744.817	55.4162
744.775	22.8151
744.732	19.553
744.69	29.3252
744.647	48.8683
744.605	26.0593
744.562	61.8819
744.519	9.7694
744.477	32.5599
744.434	26.0442
744.392	29.2954
744.349	39.0549
744.307	45.5575
744.264	52.0581
744.221	39.0379
744.179	39.0322
744.136	39.0266
744.094	52.0279
744.051	29.2614
744.009	19.5048
743.966	55.2555
743.923	29.2487
743.881	16.2469
743.838	38.9869
743.796	32.4844
743.753	35.7276
743.711	35.7224
743.668	55.1994
743.625	61.6845
743.583	51.9373
743.54	42.1929
743.498	35.6965
743.455	35.6913
743.412	25.9535
743.37	42.1684
743.327	48.6487
743.285	25.9422
743.242	35.6654
743.2	32.4184
743.157	32.4137
743.114	51.8543
743.072	38.8851
743.029	25.9196
742.987	38.8738
742.944	32.3901
742.901	64.7708
742.859	42.0949
742.816	35.6136
742.773	58.2683
742.731	42.0765
742.688	35.598
742.646	25.8857
742.603	42.0582
742.56	48.5216
742.518	35.5773
742.475	48.5075
742.433	35.567
742.39	29.096
742.347	54.9512
742.305	42.0154
742.262	48.4722
742.219	51.6962
742.177	41.9971
742.134	35.5308
742.092	16.148
742.049	61.3535
742.006	54.8873
741.964	51.6511
741.921	35.505
741.878	29.0453
741.836	48.4018
741.793	41.9421
741.75	54.8394
741.708	51.606
741.665	38.6989
741.622	32.2444
741.58	51.5835
741.537	25.788
741.495	58.0145
741.452	45.1159
741.409	28.9988
741.367	48.3243
741.324	61.2019
741.281	51.531
741.239	57.9639
741.196	54.7357
741.153	16.0964
741.111	38.6257
741.068	57.9301
741.025	25.743
740.983	38.6088
740.94	57.9048
740.897	35.3811
740.855	22.512
740.812	25.7242
740.769	51.441
740.727	45.0043
740.684	51.426
740.641	22.4956
740.599	44.9846
740.556	57.829
740.513	57.8206
740.471	19.2707
740.428	16.0566
740.385	19.2651
740.343	54.5765
740.3	35.309
740.257	32.0945
740.214	48.1347
740.172	70.5872
740.129	57.7448
740.086	51.3212
740.044	57.7279
740.001	32.0664
739.958	41.6803
739.916	32.0571
739.873	48.0786
739.83	54.4811
739.787	44.8603
739.745	22.4269
739.702	60.864
739.659	54.4494
739.617	41.6317
739.574	51.2315
739.531	57.627
739.489	54.4176
739.446	54.4097
739.403	54.4017
739.36	41.5953
739.318	35.1909
739.275	41.5831
739.232	60.7665
739.19	47.9665
739.147	51.1568
739.104	38.362
739.061	31.9637
739.019	41.5468
738.976	41.5407
738.933	51.1195
738.89	47.9176
738.848	12.7762
738.805	60.6779
738.762	57.4759
738.72	51.0823
738.677	41.4983
738.634	44.6839
738.591	41.4862
738.549	38.2893
738.506	60.6159
738.463	44.6579
738.42	31.8938
738.378	38.267
738.335	44.6383
738.292	35.0678
738.249	38.2502
738.207	44.6188
738.164	15.9329
738.121	31.8612
738.078	57.3419
738.036	44.5927
737.993	35.032
737.95	47.764
737.907	60.4922
737.865	35.0167
737.822	41.3773
737.779	54.1009
737.736	38.1833
737.694	15.9074
737.651	50.8962
737.608	54.0693
737.565	47.7012
737.522	73.1312
737.48	25.4332
737.437	31.7869
737.394	41.3169
737.351	41.3109
737.309	38.1275
737.266	47.6525
737.223	41.2928
737.18	22.2313
737.137	31.7544
737.095	50.7996
737.052	50.7922
737.009	44.4366
736.966	69.8188
736.924	34.9043
736.881	25.3812
736.838	41.2385
736.795	34.889
736.752	63.4253
736.71	47.562
736.667	41.2144
736.624	63.3975
736.581	38.0329
736.538	44.3652
736.496	34.8533
736.453	44.3523
736.41	60.1836
736.367	57.0077
736.324	63.3326
736.282	69.6557
736.239	50.6513
736.196	56.9743
736.153	37.9773
736.11	50.629
736.067	50.6216
736.025	66.4312
735.982	37.9551
735.939	47.437
735.896	28.458
735.853	50.5846
735.811	50.5772
735.768	50.5698
735.725	47.4023
735.682	78.9922
735.639	37.9107
735.596	50.5402
735.554	82.1159
735.511	56.8411
735.468	47.3607
735.425	56.8245
735.382	50.5033
735.339	50.4959
735.297	37.8664
735.254	59.9463
735.211	63.0921
735.168	59.9287
735.125	37.8442
735.082	47.2983
735.04	63.0552
734.997	53.5891
734.954	72.4922
734.911	53.5734
734.868	56.7164
734.825	44.1063
734.782	59.8498
734.74	66.1401
734.697	37.7888
734.654	56.6749
734.611	59.8148
734.568	40.9199
734.525	53.5028
734.482	31.4676
734.44	66.0723
734.397	50.3335
734.354	50.3261
734.311	59.7535
734.268	69.1781
734.225	56.592
734.182	59.7272
734.14	34.5738
734.097	62.8523
734.054	75.4117
734.011	47.1254
733.968	69.1072
733.925	59.6747
733.882	59.666
733.839	53.3775
733.797	62.7879
733.754	72.1955
733.711	69.0464
733.668	75.3123
733.625	65.8886
733.582	43.9193
733.539	47.0495
733.496	78.4043
733.453	50.1714
733.411	47.0288
733.368	59.5611
733.325	62.6867
733.282	28.2049
733.239	59.5349
733.196	56.3932
733.153	50.1199
733.11	62.6407
733.067	43.8421
733.024	65.7535
732.982	72.0052
732.939	56.3436
732.896	25.0379
732.853	62.5856
732.81	53.19
732.767	68.824
732.724	56.3023
732.681	50.0391
732.638	65.6667
732.595	56.2775
732.552	53.1432
732.509	59.3866
732.467	62.503
732.424	68.7432
732.381	46.8635
732.338	59.3517
732.295	53.0964
732.252	65.58
732.209	46.836
732.166	46.8291
732.123	53.0652
732.08	68.6626
732.037	68.6525
731.994	46.8016
731.951	65.5127
731.908	71.7414
731.866	71.7309
731.823	53.0107
731.78	62.3564
731.737	87.2861
731.694	65.455
731.651	59.2125
731.608	59.2038
731.565	62.3106
731.522	40.4959
731.479	43.6046
731.436	49.8265
731.393	34.2507
731.35	56.0384
731.307	84.0452
731.264	62.2466
731.221	59.1256
731.178	56.0055
731.135	65.3301
731.092	46.6575
731.049	40.4306
731.007	34.2054
730.964	71.51
730.921	77.7168
730.878	59.0561
730.835	59.0474
730.792	59.0387
730.749	65.2437
730.706	65.2341
730.663	77.6483
730.62	77.6369
730.577	62.1004
730.534	58.9867
730.491	46.5616
730.448	74.4876
730.405	68.2702
730.362	65.1575
730.319	52.7388
730.276	49.6292
730.233	62.0273
730.19	71.321
730.147	52.7077
730.104	65.1
730.061	49.5927
730.018	40.2881
729.975	52.6767
729.932	71.258
729.889	83.6384
729.846	40.2644
729.803	61.9362
729.76	68.1198
729.717	37.1508
729.674	58.8134
729.631	52.6148
729.588	71.1742
729.545	49.5052
729.502	68.0597
729.459	55.677
729.416	34.0198
729.373	74.2141
729.33	68.0196
729.287	61.8269
729.244	74.1813
729.201	49.447
729.158	24.7198
729.115	46.3429
729.072	61.7814
729.029	37.0634
728.986	61.7632
728.943	40.1402
728.9	77.1813
728.857	77.1699
728.814	70.9859
728.771	58.6319
728.728	77.1358
728.685	70.9545
728.642	49.3524
728.599	80.1858
728.555	86.3412
728.512	58.5801
728.469	70.9023
728.426	55.4806
728.383	67.7996
728.34	58.5456
728.297	58.5369
728.254	77.0109
728.211	61.5997
728.168	49.2725
728.125	58.5024
728.082	70.8083
728.039	83.1105
727.996	80.0206
727.953	64.6225
727.91	70.7666
727.867	67.6798
727.824	46.1385
727.781	92.2634
727.738	76.8749
727.694	76.8635
727.651	98.3708
727.608	79.9145
727.565	36.8782
727.522	70.6727
727.479	76.8069
727.436	64.5083
727.393	85.9983
727.35	42.9928
727.307	64.4797
727.264	79.8203
727.221	70.5998
727.178	58.313
727.135	85.9223
727.091	92.046
727.048	61.3549
727.005	79.7497
726.962	92.0053
726.919	79.7261
726.876	95.0441
726.833	85.8336
726.79	73.5608
726.747	55.1625
726.704	70.475
726.661	85.7829
726.618	79.6438
726.574	76.5693
726.531	73.4957
726.488	85.7323
726.445	48.9827
726.402	61.2193
726.359	79.5733
726.316	76.5015
726.273	76.4902
726.23	67.3015
726.187	97.8786
726.143	70.3399
726.1	85.6185
726.057	100.893
726.014	58.0811
725.971	61.129
725.928	67.2319
725.885	91.6664
725.842	61.1019
725.799	79.4207
725.755	82.4632
725.712	73.2898
725.669	85.4921
725.626	82.4267
725.583	57.9954
725.54	73.2465
725.497	57.9783
725.454	85.429
725.41	70.1635
725.367	100.654
725.324	79.2918
725.281	76.2308
725.238	97.5611
725.195	73.16
725.152	57.9098
725.109	48.7589
725.065	79.2215
725.022	85.3029
724.979	103.567
724.936	88.3233
724.893	60.9036
724.85	48.7157
724.807	97.417
724.763	85.2272
724.72	73.0411
724.677	88.245
724.634	82.147
724.591	106.471
724.548	42.5821
724.505	91.2339
724.461	72.9764
724.418	79.046
724.375	79.0343
724.332	82.062
724.289	97.2443
724.246	100.268
724.202	69.8736
724.159	63.7882
724.116	97.1867
724.073	94.1357
724.03	75.9047
723.987	72.8577
723.943	100.165
723.9	91.0452
723.857	106.204
723.814	75.8486
723.771	94.0383
723.728	84.9252
723.684	57.6193
723.641	106.125
723.598	109.141
723.555	78.8125
723.512	66.6776
723.468	93.9409
723.425	78.7775
723.382	99.972
723.339	90.8702
723.296	96.9139
723.253	93.8714
723.209	105.968
723.166	93.8436
723.123	99.8832
723.08	99.8685
723.037	51.4398
722.993	87.7372
722.95	78.6493
722.907	90.7357
722.864	90.7223
722.821	93.7325
722.777	87.6723
722.734	63.4774
722.691	90.6686
722.648	72.5241
722.605	96.6845
722.561	78.5445
722.518	96.6558
722.475	81.5413
722.432	108.706
722.388	96.6129
722.345	99.6173
722.302	93.566
722.259	81.4809
722.216	81.4688
722.172	96.5413
722.129	78.4282
722.086	69.3685
722.043	102.53
722	90.4539
721.956	105.514
721.913	84.3986
721.87	81.3723
721.827	90.4002
721.783	78.3353
721.74	96.3983
721.697	81.324
721.654	108.416
721.61	57.211
721.567	96.3412
721.524	63.2145
721.481	108.352
721.437	99.3076
721.394	102.302
721.351	105.295
721.308	63.1677
721.264	96.2412
721.221	114.269
721.178	93.206
721.135	96.1984
721.091	75.1438
721.048	105.186
721.005	123.199
720.962	87.128
720.918	96.127
720.875	81.0951
720.832	99.1016
720.789	84.0737
720.745	108.079
720.702	99.0575
720.659	99.0428
720.616	96.0272
720.572	75.0101
720.529	89.9988
720.486	80.9869
720.443	95.9702
720.399	86.9601
720.356	101.938
720.313	86.9343
720.27	89.9187
720.226	116.877
720.183	95.8848
720.14	89.8786
720.096	101.847
720.053	95.842
720.01	101.817
719.967	92.8194
719.923	98.7931
719.88	92.7918
719.837	122.706
719.793	107.726
719.75	89.7585
719.707	101.711
719.664	92.7229
719.62	122.615
719.577	119.607
719.534	86.7022
719.49	95.6571
719.447	95.6429
719.404	113.559
719.36	107.566
719.317	74.6877
719.274	101.56
719.231	107.518
719.187	83.613
719.144	80.6148
719.101	104.485
719.057	116.409
719.014	131.314
718.971	116.374
718.927	104.423
718.884	107.391
718.841	98.4267
718.797	119.287
718.754	110.324
718.711	101.364
718.668	95.3873
718.624	131.138
718.581	92.379
718.538	116.201
718.494	107.247
718.451	92.3378
718.408	86.3676
718.364	104.221
718.321	80.3873
718.278	107.167
718.234	119.057
718.191	119.039
718.148	89.2661
718.104	130.904
718.061	86.2649
718.018	113.02
717.974	113.003
717.931	110.013
717.888	124.861
717.844	112.953
717.801	124.824
717.758	133.72
717.714	127.758
717.671	98.0321
717.627	100.988
717.584	118.791
717.541	95.019
717.497	124.694
717.454	106.865
717.411	89.0405
717.367	97.93
717.324	115.718
717.281	115.701
717.237	121.616
717.194	103.803
717.151	100.822
717.107	118.597
717.064	118.579
717.02	112.634
716.977	80.0172
716.934	100.747
716.89	109.621
716.847	151.076
716.804	112.55
716.76	94.7646
716.717	139.165
716.673	121.381
716.63	115.443
716.587	115.426
716.543	91.7348
716.5	109.474
716.457	127.207
716.413	106.483
716.37	127.169
716.326	136.021
716.283	100.522
716.24	115.288
716.196	106.404
716.153	106.388
716.11	97.5077
716.066	127.037
716.023	100.433
715.979	115.185
715.936	112.215
715.893	132.866
715.849	118.086
715.806	115.116
715.762	144.612
715.719	106.229
715.676	156.37
715.632	120.947
715.589	126.828
715.545	97.3189
715.502	97.3044
715.458	132.668
715.415	117.909
715.372	117.892
715.328	94.2994
715.285	117.857
715.241	126.677
715.198	123.713
715.155	120.749
715.111	129.565
715.068	120.713
715.024	138.358
714.981	100.074
714.937	114.773
714.894	117.699
714.851	132.391
714.807	141.196
714.764	97.0578
714.72	129.391
714.677	120.551
714.633	108.774
714.59	120.515
714.547	152.825
714.503	132.233
714.46	120.461
714.416	143.944
714.373	126.299
714.329	129.217
714.286	108.644
714.243	123.307
714.199	123.289
714.156	143.815
714.112	129.121
714.069	126.167
714.025	129.082
713.982	155.462
713.938	137.842
713.895	129.024
713.852	129.005
713.808	140.712
713.765	134.829
713.721	131.878
713.678	131.858
713.634	131.838
713.591	137.677
713.547	152.301
713.504	143.493
713.46	140.544
713.417	146.378
713.373	111.23
713.33	143.407
713.286	137.533
713.243	122.884
713.2	137.492
713.156	105.297
713.113	166.696
713.069	111.114
713.026	128.639
712.982	102.311
712.939	151.983
712.895	116.892
712.852	151.937
712.808	148.993
712.765	90.5509
712.721	134.346
712.678	137.246
712.634	145.984
712.591	137.205
712.547	148.859
712.504	166.347
712.46	107.964
712.417	157.545
712.373	128.351
712.33	139.998
712.286	125.396
712.243	137.04
712.199	122.443
712.156	154.489
712.112	142.808
712.069	131.13
712.025	154.419
711.982	151.483
711.938	145.635
711.895	136.876
711.851	116.473
711.808	154.304
711.764	151.37
711.721	125.152
711.677	162.965
711.634	157.121
711.59	154.188
711.547	122.169
711.503	151.234
711.46	151.211
711.416	145.374
711.373	133.724
711.329	159.863
711.286	119.153
711.242	165.627
711.199	116.212
711.155	133.624
711.111	180.074
711.068	171.335
711.024	177.117
710.981	145.156
710.937	171.258
710.894	159.624
710.85	145.091
710.807	182.787
710.763	142.146
710.72	159.528
710.676	165.304
710.633	147.882
710.589	150.759
710.546	171.027
710.502	139.12
710.458	147.793
710.415	144.873
710.371	156.44
710.328	150.623
710.284	159.289
710.241	141.891
710.197	150.555
710.154	144.743
710.11	156.299
710.066	150.488
710.023	167.826
709.979	156.229
709.936	159.098
709.892	187.997
709.849	164.834
709.805	124.33
709.761	173.457
709.718	158.979
709.674	153.175
709.631	132.924
709.587	156.018
709.544	176.216
709.5	144.418
709.456	170.387
709.413	155.924
709.369	199.207
709.326	158.764
709.282	176.057
709.239	158.716
709.195	141.381
709.151	167.323
709.108	141.338
709.064	141.317
709.021	161.481
708.977	170.106
708.934	161.432
708.89	149.879
708.846	167.148
708.803	193.055
708.759	178.621
708.716	172.833
708.672	146.886
708.628	158.383
708.585	166.997
708.541	158.335
708.498	195.731
708.454	158.288
708.41	189.917
708.367	163.994
708.323	207.12
708.28	169.698
708.236	192.678
708.192	163.896
708.149	160.996
708.105	169.596
708.061	172.444
708.018	189.66
707.974	178.139
707.931	183.858
707.887	183.83
707.843	183.802
707.8	195.261
707.756	192.36
707.713	163.625
707.669	180.822
707.625	166.446
707.582	177.898
707.538	172.133
707.494	183.581
707.451	172.082
707.407	166.32
707.364	177.764
707.32	177.737
707.276	171.978
707.233	171.952
707.189	194.85
707.145	200.551
707.102	163.281
707.058	183.305
707.014	229.097
706.971	177.524
706.927	174.634
706.884	194.645
706.84	188.891
706.796	206.032
706.753	185.973
706.709	154.478
706.665	188.778
706.622	177.31
706.578	185.861
706.534	182.975
706.491	220.108
706.447	208.642
706.403	220.042
706.36	185.722
706.316	174.266
706.272	177.096
706.229	191.35
706.185	225.587
706.141	188.437
706.098	208.391
706.054	185.526
706.01	174.083
705.967	205.444
705.923	188.295
705.879	216.792
705.836	188.238
705.792	202.468
705.748	219.545
705.705	236.617
705.661	193.826
705.617	199.496
705.574	193.767
705.53	210.833
705.486	225.044
705.443	185.135
705.399	185.107
705.355	207.858
705.312	222.061
705.268	204.949
705.224	219.148
705.18	184.968
705.137	199.166
705.093	221.894
705.049	204.794
705.006	184.856
704.962	204.733
704.918	199.016
704.875	224.57
704.831	193.271
704.787	198.926
704.743	232.992
704.7	218.752
704.656	215.879
704.612	198.806
704.569	224.333
704.525	198.746
704.481	229.942
704.438	193.009
704.394	255.415
704.35	215.651
704.306	209.944
704.263	198.566
704.219	204.208
704.175	212.685
704.132	226.83
704.088	229.63
704.044	184.243
704	221.059
703.957	209.691
703.913	220.992
703.869	220.959
703.825	240.752
703.782	215.228
703.738	203.87
703.694	212.332
703.651	237.776
703.607	232.08
703.563	223.555
703.519	206.545
703.476	220.659
703.432	206.483
703.388	237.561
703.344	197.937
703.301	220.525
703.257	223.319
703.213	223.285
703.169	234.555
703.126	223.218
703.082	223.184
703.038	242.923
702.994	211.819
702.951	237.202
702.907	245.636
702.863	237.13
702.819	245.562
702.776	259.636
702.732	251.131
702.688	220.059
702.644	236.951
702.601	231.274
702.557	256.619
702.513	228.385
702.469	242.446
702.426	231.135
702.382	219.827
702.338	233.883
702.294	256.387
702.251	278.884
702.207	261.942
702.163	225.293
702.119	230.89
702.075	230.855
702.032	236.45
701.988	225.156
701.944	227.936
701.9	222.275
701.857	239.12
701.813	247.522
701.769	250.297
701.725	255.883
701.681	210.861
701.638	264.239
701.594	241.714
701.55	292.261
701.506	241.641
701.462	233.176
701.419	269.657
701.375	238.722
701.331	247.111
701.287	255.496
701.244	252.65
701.2	261.032
701.156	269.412
701.112	244.118
701.068	260.914
701.025	252.459
700.981	274.858
700.937	272.012
700.893	243.933
700.849	246.699
700.806	249.465
700.762	266.242
700.718	257.796
700.674	240.946
700.63	249.314
700.586	263.28
700.543	268.841
700.499	254.801
700.455	265.96
700.411	296.711
700.367	268.678
700.324	268.638
700.28	249.012
700.236	240.582
700.192	265.719
700.148	262.882
700.104	268.434
700.061	282.372
700.017	254.376
699.973	262.722
699.929	243.121
699.885	282.201
699.841	262.603
699.798	254.183
699.754	265.316
699.71	268.068
699.666	270.819
699.622	293.111
699.578	265.155
699.535	273.487
699.491	287.397
699.447	278.984
699.403	237.1
699.359	270.532
699.315	303.954
699.272	248.145
699.228	248.107
699.184	270.368
699.14	287.048
699.096	300.937
699.052	314.821
699.008	247.919
698.965	272.948
698.921	300.754
698.877	256.159
698.833	281.176
698.789	239.381
698.745	292.223
698.701	286.613
698.658	306.045
698.614	283.744
698.57	292.045
698.526	289.22
698.482	294.737
698.438	280.792
698.394	266.851
698.35	283.486
698.307	322.347
698.263	313.962
698.219	277.801
698.175	305.534
698.131	291.602
698.087	302.665
698.043	285.961
697.999	291.469
697.956	266.446
697.912	310.806
697.868	283.012
697.824	263.55
697.78	307.891
697.736	332.804
697.692	318.889
697.648	255.072
697.604	307.704
697.561	315.972
697.517	274.355
697.473	279.855
697.429	313.057
697.385	290.85
697.341	326.81
697.297	299.069
697.253	323.942
697.209	282.368
697.166	343.219
697.122	312.724
697.078	345.881
697.034	287.73
696.99	307.049
696.946	309.768
696.902	295.894
696.858	317.969
696.814	340.037
696.77	295.759
696.726	309.533
696.683	315.012
696.639	312.202
696.595	345.303
696.551	348.013
696.507	323.105
696.463	334.101
696.419	364.418
696.375	350.561
696.331	320.149
696.287	336.657
696.243	325.57
696.199	344.831
696.155	295.13
696.112	336.452
696.068	344.673
696.024	397.003
695.98	297.707
695.936	319.711
695.892	336.196
695.848	322.369
695.804	319.565
695.76	308.498
695.716	349.762
695.672	341.448
695.628	368.927
695.584	322.074
695.54	377.072
695.496	341.24
695.452	338.436
695.408	365.895
695.365	349.336
695.321	324.53
695.277	360.229
695.233	332.68
695.189	299.641
695.145	335.327
695.101	321.535
695.057	340.72
695.013	359.899
694.969	376.326
694.925	343.311
694.881	296.575
694.837	326.732
694.793	367.861
694.749	365.06
694.705	323.838
694.661	337.509
694.617	362.15
694.573	359.351
694.529	312.67
694.485	367.469
694.441	356.445
694.397	370.098
694.353	334.408
694.309	350.801
694.265	367.188
694.221	334.255
694.177	378.034
694.133	386.193
694.089	375.18
694.046	342.265
694.002	350.426
693.958	342.161
693.914	383.162
693.87	314.692
693.826	363.893
693.782	426.756
693.738	363.782
693.694	352.787
693.65	328.124
693.606	390.955
693.562	396.362
693.518	407.234
693.474	368.914
693.43	398.913
693.386	366.07
693.342	352.356
693.298	363.227
693.254	390.477
693.21	333.084
693.166	330.303
693.122	373.922
693.078	412.07
693.034	362.894
692.99	390.12
692.946	360.056
692.902	365.455
692.858	373.58
692.814	403.514
692.769	384.37
692.725	387.037
692.681	367.901
692.637	400.542
692.593	389.584
692.549	340.493
692.505	392.188
692.461	367.62
692.417	386.623
692.373	427.398
692.329	411.002
692.285	424.546
692.241	419.039
692.197	383.607
692.153	394.429
692.109	410.688
692.065	388.87
692.021	402.405
691.977	413.218
691.933	407.718
691.889	380.479
691.845	448.353
691.801	407.531
691.757	404.753
691.713	429.135
691.669	391.051
691.625	377.415
691.581	374.642
691.537	382.728
691.493	412.523
691.448	409.747
691.404	436.815
691.36	377.068
691.316	425.832
691.272	385.089
691.228	404.01
691.184	387.682
691.14	458.1
691.096	449.899
691.052	422.732
691.008	428.086
690.964	411.766
690.92	422.538
690.876	438.722
690.832	444.07
690.788	457.539
690.744	419.572
690.699	405.975
690.655	427.562
690.611	430.202
690.567	440.957
690.523	462.528
690.479	384.029
690.435	402.898
690.391	473.13
690.347	448.729
690.303	427.038
690.259	432.378
690.215	475.542
690.171	443.051
690.126	461.891
690.082	437.514
690.038	477.951
689.994	437.38
689.95	437.313
689.906	472.334
689.862	464.165
689.818	402.035
689.774	455.93
689.73	450.465
689.686	469.275
689.641	463.81
689.597	469.131
689.553	463.668
689.509	463.596
689.465	425.797
689.421	460.76
689.377	466.077
689.333	439.069
689.289	441.695
689.245	468.556
689.2	500.793
689.156	479.18
689.112	433.349
689.068	470.96
689.024	446.67
688.98	495.029
688.936	465.363
688.892	454.533
688.848	457.153
688.803	483.97
688.759	489.272
688.715	499.949
688.671	502.56
688.627	475.612
688.583	483.599
688.539	478.152
688.495	470.021
688.45	437.724
688.406	464.507
688.362	485.912
688.318	445.575
688.274	523.336
688.23	512.522
688.186	477.565
688.142	523.095
688.097	498.876
688.053	469.3
688.009	496.041
687.965	512.05
687.921	498.569
687.877	493.132
687.833	468.94
687.788	468.868
687.744	484.869
687.7	519.614
687.656	524.89
687.612	511.421
687.568	511.343
687.524	505.911
687.479	532.597
687.435	478.996
687.391	529.757
687.347	510.95
687.303	500.173
687.259	542.885
687.214	483.976
687.17	473.207
687.126	529.269
687.082	518.497
687.038	526.434
686.994	475.588
686.949	502.229
686.905	483.455
686.861	536.793
686.817	507.338
686.773	549.977
686.729	504.513
686.684	504.435
686.64	536.38
686.596	504.28
686.552	512.206
686.508	522.796
686.464	525.383
686.419	514.636
686.375	557.214
686.331	546.466
686.287	479.75
686.243	538.303
686.198	519.569
686.154	535.473
686.11	522.073
686.066	506.013
686.022	532.563
685.978	561.768
685.933	516.427
685.889	526.994
685.845	545.541
685.801	561.422
685.757	529.411
685.712	531.99
685.668	555.844
685.624	545.122
685.58	558.331
685.536	550.27
685.491	507.659
685.447	555.416
685.403	555.33
685.359	557.902
685.315	568.441
685.27	557.73
685.226	592.165
685.182	584.108
685.138	522.962
685.094	541.461
685.049	581.185
685.005	554.561
684.961	535.905
684.917	511.949
684.872	522.479
684.828	556.871
684.784	588.601
684.74	554.048
684.696	564.565
684.651	577.729
684.607	548.493
684.563	535.162
684.519	577.462
684.474	529.7
684.43	553.451
684.386	556.013
684.342	582.4
684.298	550.548
684.253	508.12
684.209	566.255
684.165	571.458
684.121	566.08
684.076	573.927
684.032	565.905
683.988	600.19
683.944	568.374
683.899	563
683.855	562.913
683.811	591.893
683.767	575.95
683.722	623.409
683.678	604.825
683.634	578.324
683.59	599.357
683.545	546.466
683.501	570.137
683.457	577.967
683.413	601.626
683.368	622.64
683.324	567.148
683.28	582.885
683.236	545.876
683.191	598.525
683.147	606.342
683.103	603.612
683.059	611.425
683.014	577.075
682.97	574.351
682.926	608.508
682.882	640.02
682.837	595.153
682.793	560.832
682.749	610.765
682.705	592.245
682.66	636.894
682.616	563.117
682.572	599.863
682.527	573.465
682.483	625.98
682.439	610.104
682.395	615.269
682.35	580.997
682.306	622.964
682.262	622.868
682.217	620.144
682.173	622.675
682.129	619.952
682.085	598.844
682.04	614.508
681.996	619.665
681.952	627.445
681.907	608.974
681.863	564.263
681.819	616.658
681.775	608.691
681.73	637.453
681.686	624.24
681.642	676.593
681.597	624.047
681.553	634.437
681.509	623.854
681.464	636.862
681.42	662.967
681.376	628.805
681.332	652.284
681.287	625.991
681.243	649.463
681.199	625.797
681.154	670.206
681.11	630.839
681.066	651.678
681.021	625.41
680.977	661.942
680.933	640.912
680.888	661.737
680.844	632.868
680.8	630.155
680.756	627.444
680.711	643.03
680.667	608.955
680.623	627.152
680.578	661.021
680.534	650.469
680.49	668.652
680.445	660.713
680.401	663.222
680.357	668.341
680.312	636.914
680.268	618.546
680.224	649.764
680.179	641.836
680.135	615.65
680.091	639.029
680.046	662.401
680.002	654.476
679.958	573.555
679.913	680.34
679.869	620.29
679.825	651.464
679.78	651.363
679.736	651.262
679.692	763.161
679.647	664.082
679.603	676.998
679.559	661.272
679.514	708.024
679.47	648.054
679.425	686.987
679.381	689.482
679.337	621.739
679.292	684.067
679.248	699.564
679.204	665.653
679.159	660.35
679.115	688.841
679.071	660.145
679.026	691.226
678.982	641.753
678.938	709.196
678.893	672.723
678.849	654.44
678.804	690.69
678.76	667.217
678.716	695.667
678.671	630.675
678.627	716.211
678.583	708.316
678.538	664.106
678.494	697.721
678.449	666.493
678.405	700.098
678.361	720.73
678.316	684.328
678.272	730.873
678.228	684.115
678.183	699.555
678.139	689.084
678.094	670.846
678.05	681.101
678.006	709.477
677.961	714.545
677.917	680.783
677.872	696.206
677.828	670.221
677.784	683.053
677.739	688.121
677.695	677.668
677.651	693.08
677.606	752.443
677.562	744.57
677.517	692.757
677.473	721.079
677.429	658.948
677.384	692.434
677.34	731.076
677.295	692.218
677.251	723.101
677.206	697.167
677.162	697.059
677.118	673.719
677.073	676.195
677.029	678.671
676.984	737.907
676.94	724.894
676.896	688.671
676.851	685.985
676.807	732.291
676.762	667.725
676.718	747.53
676.674	695.868
676.629	773.066
676.585	760.063
676.54	713.576
676.496	705.738
676.451	713.354
676.407	749.291
676.363	705.408
676.318	738.762
676.274	720.631
676.229	725.665
676.185	748.708
676.14	730.584
676.096	802.489
676.052	732.929
676.007	676.246
675.963	742.984
675.918	755.721
675.874	735.043
675.829	729.789
675.785	768.214
675.741	747.544
675.696	749.996
675.652	724.198
675.607	729.221
675.563	767.616
675.518	749.529
675.474	739.146
675.429	749.295
675.385	746.613
675.34	731.105
675.296	787.418
675.252	777.038
675.207	733.327
675.163	707.576
675.118	715.156
675.074	804.745
675.029	804.62
674.985	745.567
674.94	755.697
674.896	722.283
674.851	755.462
674.807	755.344
674.763	737.305
674.718	714.153
674.674	726.838
674.629	762.55
674.585	803.367
674.54	764.87
674.496	785.212
674.451	782.532
674.407	731.272
674.362	795.071
674.318	756.605
674.273	817.824
674.229	748.704
674.184	815.014
674.14	766.351
674.095	835.193
674.051	778.881
674.006	753.226
673.962	755.662
673.918	786.174
673.873	775.843
673.829	785.929
673.784	773.049
673.74	747.42
673.695	726.899
673.651	765.037
673.606	792.965
673.562	759.7
673.517	861.538
673.473	762.011
673.428	795.018
673.384	833.11
673.339	797.317
673.295	804.833
673.25	832.72
673.206	840.228
673.161	776.453
673.117	771.241
673.072	819.475
673.028	814.258
672.983	753.071
672.939	834.353
672.894	778.269
672.85	793.405
672.805	861.931
672.761	785.531
672.716	793.033
672.671	805.616
672.627	808.032
672.582	767.256
672.538	739.194
672.493	782.255
672.449	817.684
672.404	802.322
672.36	759.041
672.315	766.537
672.271	809.56
672.226	784.059
672.182	811.843
672.137	837.083
672.093	755.793
672.048	813.998
672.004	856.973
671.959	768.113
671.915	785.736
671.87	813.489
671.825	798.159
671.781	823.369
671.736	795.376
671.692	805.383
671.647	777.402
671.603	812.726
671.558	810.068
671.514	804.879
671.469	787.038
671.425	814.748
671.38	814.62
671.336	814.493
671.291	867.476
671.246	859.754
671.202	826.752
671.157	831.678
671.113	801.218
671.068	826.364
671.024	806.021
670.979	793.263
670.935	856.287
670.89	916.765
670.845	848.443
670.801	855.885
670.756	807.788
670.712	812.71
670.667	779.776
670.623	840.21
670.578	824.942
670.534	797.066
670.489	842.337
670.444	852.291
670.4	796.692
670.355	874.711
670.311	849.37
670.266	839.157
670.222	861.702
670.177	826.298
670.132	760.68
670.088	848.705
670.043	798.212
669.999	810.675
669.954	843.271
669.909	843.139
669.865	868.171
669.82	850.423
669.776	885.509
669.731	767.153
669.687	857.568
669.642	832.289
669.597	817.074
669.553	804.377
669.508	846.977
669.464	841.818
669.419	881.886
669.374	801.36
669.33	861.516
669.285	836.267
669.241	851.202
669.196	856.089
669.151	828.343
669.107	815.665
669.062	865.724
669.018	825.445
668.973	817.789
668.928	797.596
668.884	830.072
668.839	897.64
668.795	869.923
668.75	902.372
668.705	852.106
668.661	856.984
668.616	929.506
668.572	821.645
668.527	829.03
668.482	926.564
668.438	946.45
668.393	846.163
668.348	838.521
668.304	848.4
668.259	908.321
668.215	893.167
668.17	880.52
668.125	877.88
668.081	897.748
668.036	865.103
667.992	842.468
667.947	859.832
667.902	914.678
667.858	912.035
667.813	891.905
667.768	926.736
667.724	889.127
667.679	816.57
667.634	866.377
667.59	888.708
667.545	838.649
667.501	900.907
667.456	865.832
667.411	873.181
667.367	930.415
667.322	847.966
667.277	870.275
667.233	852.686
667.188	884.959
667.143	917.221
667.099	932.029
667.054	854.641
667.009	874.437
666.965	924.117
666.92	901.557
666.876	849.123
666.831	858.948
666.786	893.664
666.742	856.189
666.697	870.986
666.652	913.147
666.608	833.395
666.563	870.575
666.518	930.125
666.474	872.787
666.429	857.733
666.384	865.055
666.34	867.404
666.295	892.118
666.25	911.854
666.206	891.837
666.161	899.148
666.116	844.371
666.072	921.212
666.027	816.795
665.982	863.83
665.938	938.15
665.893	933.04
665.848	922.968
665.804	858.324
665.759	900.355
665.714	872.934
665.67	914.948
665.625	907.367
665.58	879.957
665.535	902.124
665.491	946.585
665.446	879.541
665.401	894.266
665.357	901.555
665.312	913.795
665.267	923.555
665.223	906.08
665.178	915.838
665.133	900.845
665.089	920.499
665.044	932.724
664.999	895.472
664.955	855.758
664.91	877.879
664.865	882.686
664.82	865.242
664.776	860.162
664.731	867.44
664.686	916.722
664.642	948.695
664.597	889.261
664.552	896.53
664.507	928.491
664.463	869.088
664.418	878.826
664.373	883.623
664.329	888.42
664.284	873.475
664.239	856.067
664.194	873.199
664.15	845.932
664.105	939.502
664.06	870.32
664.016	801.16
663.971	850.328
663.926	899.48
663.881	879.626
663.837	840.071
663.792	790.675
663.747	876.747
663.703	856.91
663.658	898.628
663.613	878.793
663.568	866.348
663.524	895.742
663.479	912.823
663.434	853.638
663.389	892.857
663.345	870.583
663.3	853.233
663.255	828.513
663.211	852.964
663.166	833.167
663.121	867.438
663.076	874.672
663.032	849.968
662.987	837.553
662.942	871.801
662.897	861.842
662.853	824.881
662.808	832.114
662.763	802.532
662.718	817.128
662.674	858.707
662.629	848.759
662.584	811.835
662.539	819.064
662.495	818.934
662.45	835.965
662.405	826.028
662.36	894.518
662.316	845.37
662.271	764.388
662.226	803.46
662.181	871.91
662.136	813.001
662.092	864.289
662.047	859.256
662.002	807.72
661.957	873.667
661.913	805.017
661.868	851.373
661.823	821.885
661.778	865.777
661.734	804.508
661.689	850.834
661.644	818.92
661.599	809.014
661.554	840.655
661.51	825.861
661.465	769.542
661.42	806.059
661.375	825.469
661.331	857.082
661.286	798.352
661.241	795.784
661.196	827.387
661.151	817.495
661.107	792.966
661.062	826.994
661.017	863.45
660.972	812.099
660.928	821.724
660.883	785.024
660.838	848.277
660.793	818.896
660.748	821.203
660.704	786.963
660.659	801.455
660.614	893.882
660.569	801.201
660.524	818.118
660.48	752.257
660.435	839.765
660.39	742.284
660.345	820.032
660.3	776.109
660.256	763.824
660.211	783.16
660.166	787.899
660.121	812.088
660.076	775.494
660.032	755.926
659.987	765.527
659.942	743.537
659.897	736.131
659.852	738.443
659.807	769.899
659.763	772.205
659.718	813.357
659.673	784.098
659.628	735.43
659.583	783.849
659.539	761.887
659.494	824.842
659.449	722.835
659.404	802.753
659.359	712.906
659.314	707.944
659.27	693.287
659.225	744.075
659.18	724.57
659.135	741.416
659.09	734.03
659.045	719.381
659.001	743.484
658.956	733.681
658.911	726.301
658.866	760.075
658.821	687.347
658.776	733.215
658.732	704.065
658.687	754.753
658.642	822.357
658.597	727.912
658.552	764.065
658.507	749.439
658.463	693.725
658.418	720.199
658.373	722.501
658.328	695.81
658.283	690.868
658.238	698.004
658.193	722.042
658.149	695.368
658.104	675.945
658.059	692.733
658.014	740.889
657.969	743.185
657.924	706.878
657.879	687.468
657.835	677.712
657.79	694.484
657.745	725.717
657.7	674.978
657.655	703.794
657.61	650.664
657.565	662.608
657.52	676.958
657.476	626.267
657.431	662.292
657.386	683.858
657.341	686.157
657.296	642.719
657.251	649.837
657.206	681.017
657.162	659.254
657.117	666.366
657.072	695.123
657.027	651.725
656.982	670.857
656.937	649.113
656.892	682.662
656.847	663.326
656.802	689.653
656.758	648.7
656.713	607.759
656.668	650.895
656.623	643.587
656.578	653.089
656.533	626.577
656.488	643.279
656.443	679.175
656.398	626.278
656.354	609.384
656.309	676.452
656.264	649.962
656.219	630.675
656.174	592.212
656.129	623.282
656.084	615.992
656.039	608.704
655.994	618.192
655.949	608.51
655.905	615.599
655.86	615.501
655.815	603.43
655.77	617.699
655.725	596.056
655.68	583.994
655.635	638.941
655.59	543.133
655.545	595.676
655.5	600.365
655.455	581.137
655.411	636.04
655.366	616.813
655.321	614.324
655.276	559.257
655.231	551.999
655.186	561.467
655.141	551.822
655.096	575.619
655.051	582.691
655.006	565.884
654.961	580.118
654.916	548.995
654.872	608.572
654.827	551.206
654.782	591.677
654.737	565.343
654.692	534.247
654.647	553.239
654.602	543.614
654.557	591.205
654.512	605.411
654.467	517.139
654.422	526.587
654.377	493.15
654.332	502.599
654.287	485.848
654.242	533.394
654.197	530.928
654.153	499.898
654.108	549.799
654.063	518.775
654.018	528.21
653.973	485.304
653.928	511.391
653.883	518.444
653.838	504.094
653.793	494.504
653.748	508.687
653.703	491.969
653.658	496.643
653.613	482.308
653.568	482.231
653.523	520.156
653.478	491.576
653.433	491.498
653.388	498.541
653.343	481.846
653.298	500.755
653.253	522.03
653.208	465.007
653.164	491.026
653.119	467.23
653.074	467.156
653.029	462.339
652.984	509.677
652.939	466.931
652.894	457.377
652.849	490.476
652.804	424.064
652.759	492.688
652.714	490.241
652.669	466.483
652.624	501.922
652.579	466.334
652.534	501.761
652.489	466.185
652.444	451.914
652.399	499.155
652.354	442.308
652.309	489.535
652.264	420.886
652.219	453.916
652.174	444.388
652.129	458.498
652.084	493.869
652.039	432.362
651.994	460.64
651.949	425.138
651.904	441.6
651.859	443.89
651.814	462.705
651.769	450.829
651.724	464.917
651.679	401.133
651.634	422.302
651.589	422.234
651.544	389.148
651.499	396.16
651.454	410.243
651.409	433.75
651.364	452.536
651.319	410.045
651.274	405.267
651.229	405.202
651.184	447.535
651.139	435.688
651.094	426.2
651.049	416.714
651.004	421.355
650.959	397.752
650.914	395.335
650.869	399.977
650.824	425.79
650.779	388.088
650.734	390.378
650.689	380.91
650.644	418.464
650.599	394.891
650.554	378.376
650.509	441.76
650.464	404.099
650.419	411.081
650.374	380.482
650.329	373.376
650.284	385.056
650.239	366.214
650.194	356.767
650.149	387.217
650.104	396.541
650.058	347.211
650.013	361.229
649.968	361.171
649.923	382.217
649.878	377.466
649.833	405.535
649.788	372.658
649.743	346.821
649.698	337.393
649.653	381.849
649.608	400.525
649.563	377.042
649.518	353.567
649.473	346.486
649.428	339.408
649.383	348.715
649.338	355.679
649.293	329.886
649.248	385.975
649.203	320.425
649.158	346.097
649.113	339.027
649.067	320.27
649.022	357.617
648.977	343.537
648.932	355.165
648.887	376.134
648.842	334.028
648.797	343.316
648.752	317.575
648.707	331.532
648.662	315.138
648.617	326.758
648.572	371.044
648.527	352.318
648.482	335.931
648.437	349.872
648.392	333.491
648.346	340.433
648.301	326.39
648.256	337.992
648.211	293.656
648.166	312.251
648.121	326.18
648.076	368.058
648.031	291.138
647.986	319.036
647.941	295.701
647.896	302.637
647.851	332.848
647.806	332.794
647.76	311.799
647.715	295.463
647.67	302.394
647.625	304.671
647.58	346.478
647.535	316.198
647.49	344.042
647.445	302.15
647.4	313.721
647.355	336.905
647.31	336.851
647.264	308.924
647.219	325.131
647.174	334.366
647.129	334.312
647.084	306.404
647.039	299.392
646.994	317.907
646.949	322.496
646.904	317.805
646.859	322.392
646.813	313.064
646.768	271.279
646.723	322.236
646.678	285.098
646.633	324.45
646.588	282.689
646.543	319.712
646.498	296.496
646.453	324.241
646.407	296.401
646.362	282.461
646.317	291.675
646.272	296.257
646.227	289.267
646.182	286.907
646.137	289.174
646.092	277.562
646.046	293.706
646.001	293.658
645.956	288.987
645.911	293.564
645.866	275.027
645.821	293.469
645.776	277.249
645.731	288.754
645.685	258.682
645.64	302.517
645.595	272.452
645.55	267.791
645.505	288.521
645.46	283.859
645.415	293.043
645.37	295.302
645.324	249.121
645.279	297.513
645.234	269.794
645.189	292.806
645.144	290.454
645.099	278.883
645.054	276.533
645.008	297.225
644.963	255.71
644.918	271.792
644.873	294.778
644.828	280.915
644.783	296.985
644.738	250.9
644.692	255.463
644.647	246.217
644.602	289.891
644.557	285.243
644.512	292.097
644.467	292.05
644.421	275.908
644.376	264.369
644.331	245.938
644.286	261.985
644.241	268.836
644.196	277.982
644.15	319.283
644.105	261.816
644.06	273.255
644.015	270.915
643.97	273.166
643.925	240.99
643.879	245.541
643.834	266.151
643.789	277.578
643.744	277.533
643.699	284.368
643.654	259.1
643.608	247.595
643.563	275.061
643.518	270.433
643.473	268.098
643.428	265.763
643.383	242.813
643.337	238.193
643.292	226.705
643.247	240.406
643.202	244.945
643.157	240.328
643.111	235.712
643.066	256.267
643.021	279.102
642.976	256.184
642.931	246.994
642.886	242.381
642.84	272.063
642.795	221.729
642.75	253.691
642.705	228.513
642.66	251.324
642.614	217.017
642.569	248.958
642.524	242.067
642.479	246.594
642.434	251.12
642.388	262.492
642.343	244.192
642.298	219.053
642.253	239.55
642.208	218.982
642.162	237.192
642.117	250.835
642.072	246.234
642.027	216.56
641.982	221.083
641.936	248.393
641.891	239.239
641.846	232.366
641.801	225.495
641.755	227.736
641.71	216.314
641.665	264.088
641.62	250.388
641.575	232.14
641.529	236.653
641.484	266.192
641.439	220.653
641.394	204.696
641.348	243.322
641.303	229.64
641.258	234.15
641.213	261.387
641.168	261.344
641.122	218.13
641.077	231.726
641.032	243.045
640.987	222.566
640.941	211.176
640.896	231.575
640.851	226.998
640.806	201.995
640.76	204.232
640.715	229.156
640.67	220.045
640.625	251.763
640.58	240.383
640.534	217.67
640.489	228.97
640.444	258.399
640.399	242.493
640.353	256.049
640.308	231.087
640.263	231.049
640.218	226.482
640.172	249.089
640.127	233.2
640.082	217.316
640.037	219.545
639.991	224.035
639.946	192.322
639.901	212.651
639.856	228.449
639.81	228.412
639.765	239.681
639.72	217.034
639.675	235.082
639.629	228.263
639.584	201.11
639.539	232.708
639.493	216.857
639.448	223.598
639.403	210.012
639.358	228.041
639.312	198.657
639.267	221.195
639.222	221.159
639.177	234.661
639.131	196.271
639.086	193.984
639.041	236.802
638.996	229.999
638.95	180.362
638.905	220.907
638.86	243.409
638.814	196.048
638.769	214.04
638.724	204.995
638.679	173.429
638.633	225.195
638.588	218.404
638.543	207.112
638.497	191.322
638.452	216.047
638.407	229.512
638.362	224.975
638.316	188.948
638.271	236.147
638.226	231.611
638.18	222.58
638.135	197.817
638.09	242.736
638.045	222.471
637.999	229.176
637.954	208.92
637.909	240.331
637.863	240.292
637.818	206.573
637.773	217.764
637.727	202.016
637.682	186.273
637.637	215.413
637.592	224.352
637.546	215.343
637.501	210.822
637.456	197.334
637.41	219.722
637.365	215.203
637.32	212.926
637.274	208.41
637.229	206.135
637.184	215.062
637.139	208.308
637.093	208.274
637.048	192.566
637.003	194.773
636.957	201.456
636.912	237.232
636.867	210.341
636.821	212.544
636.776	212.51
636.731	221.421
636.685	190.078
636.64	212.405
636.595	210.135
636.549	201.16
636.504	174.311
636.459	207.798
636.413	192.126
636.368	176.459
636.323	189.83
636.277	196.497
636.232	198.698
636.187	218.755
636.141	205.328
636.096	194.138
636.051	209.724
636.005	169.536
635.96	191.812
635.915	211.851
635.869	202.898
635.824	202.864
635.779	231.807
635.733	220.626
635.688	240.644
635.643	202.732
635.597	196.016
635.552	209.347
635.507	209.312
635.461	191.467
635.416	204.792
635.371	213.661
635.325	186.923
635.28	198.017
635.235	206.883
635.189	182.383
635.144	215.71
635.098	195.664
635.053	195.632
635.008	235.609
634.962	208.902
634.917	211.09
634.872	195.504
634.826	222.127
634.781	182.114
634.736	184.305
634.69	193.155
634.645	204.223
634.6	204.189
634.554	201.937
634.509	181.935
634.463	192.997
634.418	197.402
634.373	172.975
634.327	192.902
634.282	208.389
634.237	195.056
634.191	206.105
634.146	172.834
634.1	208.253
634.055	203.788
634.01	192.681
633.964	203.722
633.919	221.4
633.874	194.8
633.828	225.754
633.783	212.44
633.737	196.917
633.692	210.158
633.647	188.005
633.601	185.763
633.556	192.366
633.51	168.016
633.465	174.62
633.42	181.221
633.374	192.24
633.329	205.464
633.283	201.012
633.238	203.188
633.193	227.445
633.147	194.29
633.102	196.465
633.057	192.019
633.011	183.16
632.966	205.194
632.92	189.718
632.875	191.893
632.83	183.04
632.784	213.879
632.739	207.23
632.693	193.971
632.648	191.735
632.602	196.111
632.557	185.063
632.512	202.655
632.466	165.181
632.421	231.215
632.375	182.74
632.33	171.703
632.285	169.474
632.239	204.656
632.194	195.821
632.148	184.79
632.103	186.959
632.058	200.123
632.012	175.903
631.967	156.089
631.921	193.43
631.876	215.375
631.83	191.169
631.785	186.744
631.74	180.123
631.694	153.738
631.649	197.631
631.603	177.839
631.558	173.419
631.512	177.78
631.467	182.14
631.422	206.245
631.376	197.436
631.331	214.951
631.285	230.267
631.24	179.798
631.194	210.46
631.149	179.739
631.104	190.667
631.058	216.93
631.013	181.841
630.967	201.525
630.922	192.732
630.876	197.079
630.831	190.479
630.785	170.746
630.74	194.793
630.695	161.936
630.649	203.481
630.604	196.885
630.558	199.04
630.513	177.138
630.467	181.482
630.422	201.128
630.376	205.466
630.331	179.207
630.286	181.362
630.24	185.702
630.195	190.04
630.149	211.849
630.104	196.528
630.058	192.13
630.013	192.098
629.967	207.344
629.922	185.488
629.876	178.912
629.831	198.516
629.785	163.585
629.74	176.643
629.695	165.711
629.649	167.864
629.604	176.555
629.558	172.168
629.513	213.54
629.467	209.147
629.422	196.043
629.376	182.943
629.331	198.156
629.285	193.769
629.24	193.737
629.194	182.823
629.149	204.554
629.103	195.817
629.058	206.662
629.012	184.877
628.967	173.973
628.921	169.596
628.876	202.177
628.83	191.276
628.785	186.898
628.739	199.904
628.694	182.491
628.649	186.806
628.603	167.229
628.558	160.687
628.512	199.74
628.467	182.341
628.421	175.8
628.376	190.961
628.33	199.608
628.285	171.374
628.239	182.19
628.194	188.666
628.148	162.616
628.103	162.589
628.057	195.075
628.012	175.538
627.966	182.01
627.921	225.308
627.875	199.278
627.83	177.588
627.784	160.236
627.739	179.694
627.693	201.311
627.648	194.785
627.602	181.769
627.557	173.085
627.511	160.077
627.466	173.028
627.42	185.974
627.374	185.943
627.329	196.722
627.283	181.559
627.238	200.979
627.192	168.535
627.147	192.271
627.101	192.239
627.056	203.005
627.01	170.583
626.965	218.051
626.919	185.636
626.874	207.187
626.828	185.575
626.783	204.961
626.737	181.199
626.692	196.266
626.646	196.234
626.601	181.109
626.555	172.456
626.51	176.738
626.464	202.569
626.418	183.144
626.373	146.491
626.327	211.084
626.282	170.132
626.236	195.942
626.191	198.062
626.145	195.877
626.1	191.54
626.054	193.66
626.009	191.477
625.963	187.143
625.918	180.66
625.872	165.577
625.826	163.4
625.781	187.019
625.735	193.436
625.69	174.063
625.644	163.292
625.599	182.599
625.553	199.751
625.508	176.096
625.462	165.331
625.417	167.45
625.371	171.715
625.325	178.125
625.28	190.97
625.234	175.921
625.189	152.296
625.143	169.428
625.098	186.555
625.052	180.092
625.007	177.918
624.961	182.175
624.915	186.431
624.87	194.97
624.824	194.938
624.779	197.047
624.733	190.59
624.688	177.712
624.642	194.808
624.596	188.355
624.551	220.424
624.505	190.432
624.46	186.122
624.414	186.091
624.369	175.367
624.323	211.688
624.277	177.447
624.232	164.592
624.186	203.034
624.141	183.769
624.095	164.51
624.049	164.482
624.004	175.134
623.958	192.188
623.913	192.156
623.867	162.238
623.822	185.69
623.776	155.783
623.73	198.43
623.685	177.064
623.639	181.3
623.594	179.138
623.548	204.695
623.502	198.265
623.457	147.075
623.411	193.937
623.366	185.381
623.32	176.829
623.274	176.799
623.229	183.159
623.183	193.776
623.138	180.969
623.092	210.741
623.046	172.396
623.001	191.519
622.955	159.572
622.91	142.528
622.864	193.55
622.818	172.252
622.773	178.602
622.727	195.579
622.682	176.417
622.636	178.513
622.59	172.109
622.545	142.338
622.499	189.044
622.454	176.271
622.408	150.761
622.362	184.704
622.317	169.815
622.271	203.744
622.226	199.466
622.18	178.216
622.134	182.429
622.089	167.552
622.043	184.489
621.997	182.338
621.952	158.989
621.906	171.68
621.861	190.723
621.815	190.692
621.769	201.252
621.724	196.982
621.678	207.538
621.632	179.978
621.587	148.192
621.541	165.101
621.496	184.12
621.45	154.466
621.404	177.712
621.359	167.106
621.313	196.687
621.267	160.707
621.222	164.909
621.176	196.589
621.13	162.74
621.085	196.523
621.039	154.235
620.994	158.434
620.948	171.08
620.902	202.728
620.857	173.134
620.811	175.216
620.765	175.187
620.72	170.937
620.674	177.239
620.628	177.209
620.583	164.524
620.537	183.477
620.491	183.446
620.446	181.307
620.4	208.679
620.354	164.387
620.309	151.716
620.263	174.866
620.217	179.05
620.172	197.975
620.126	162.144
620.081	183.171
620.035	168.405
619.989	191.529
619.944	164.14
619.898	159.904
619.852	174.603
619.807	201.917
619.761	180.854
619.715	157.695
619.67	199.714
619.624	172.356
619.578	184.936
619.533	178.602
619.487	184.874
619.441	172.241
619.396	172.212
619.35	153.285
619.304	170.055
619.258	178.423
619.213	174.195
619.167	161.576
619.121	138.47
619.076	161.522
619.03	176.176
618.984	161.468
618.939	197.084
618.893	136.258
618.847	153.003
618.802	148.786
618.756	173.904
618.71	188.539
618.665	173.846
618.619	161.252
618.573	182.163
618.528	138.17
618.482	167.45
618.436	159.051
618.39	163.21
618.345	184.103
618.299	175.705
618.253	142.214
618.208	161.009
618.162	163.073
618.116	171.407
618.071	181.828
618.025	169.26
617.979	185.946
617.933	169.203
617.888	146.201
617.842	169.147
617.796	200.437
617.751	179.528
617.705	150.277
617.659	169.033
617.614	171.092
617.568	148.115
617.522	162.691
617.476	152.237
617.431	162.637
617.385	160.525
617.339	154.245
617.294	175.059
617.248	183.365
617.202	147.917
617.156	197.884
617.111	147.867
617.065	164.501
617.019	158.228
616.974	162.364
616.928	187.312
616.882	208.089
616.836	162.283
616.791	170.576
616.745	180.947
616.699	189.234
616.653	158.015
616.608	174.619
616.562	155.884
616.516	170.405
616.471	157.909
616.425	180.734
616.379	164.088
616.333	149.523
616.288	143.269
616.242	164.005
616.196	145.297
616.15	193.004
616.105	153.548
616.059	178.417
616.013	165.942
615.967	130.657
615.922	170.033
615.876	167.931
615.83	159.612
615.785	138.86
615.739	167.847
615.693	161.603
615.647	159.504
615.602	151.193
615.556	159.451
615.51	122.156
615.464	149.047
615.419	138.673
615.373	165.552
615.327	146.903
615.281	161.359
615.236	159.263
615.19	159.237
615.144	155.075
615.098	165.385
615.052	142.621
615.007	169.463
614.961	142.573
614.915	150.812
614.869	173.508
614.824	165.218
614.778	185.839
614.732	165.163
614.686	167.199
614.641	160.98
614.595	175.397
614.549	167.115
614.503	132.019
614.458	154.684
614.412	158.782
614.366	125.767
614.32	133.992
614.274	150.458
614.229	148.372
614.183	168.95
614.137	160.682
614.091	156.535
614.046	150.331
614	166.778
613.954	119.401
613.908	162.605
613.862	156.404
613.817	148.147
613.771	160.466
613.725	143.983
613.679	168.638
613.634	133.654
613.588	125.408
613.542	127.442
613.496	152.083
613.45	135.619
613.405	147.923
613.359	137.627
613.313	156.088
613.267	164.275
613.221	162.195
613.176	151.903
613.13	145.721
613.084	164.165
613.038	135.413
612.992	137.442
612.947	172.286
612.901	141.497
612.855	149.674
612.809	161.949
612.763	135.276
612.718	135.253
612.672	157.769
612.626	141.353
612.58	155.667
612.534	155.641
612.489	128.997
612.443	145.353
612.397	163.75
612.351	145.303
612.305	120.725
612.26	135.025
612.214	145.23
612.168	147.251
612.122	151.315
612.076	155.379
612.031	159.441
611.985	155.326
611.939	151.213
611.893	136.886
611.847	159.333
611.801	149.094
611.756	161.321
611.71	155.169
611.664	132.688
611.618	140.829
611.572	124.48
611.527	142.822
611.481	118.318
611.435	157.051
611.389	140.711
611.343	144.765
611.297	132.509
611.252	140.639
611.206	130.426
611.16	124.291
611.114	136.494
611.068	152.765
611.022	136.447
610.977	152.714
610.931	134.365
610.885	140.449
610.839	140.425
610.793	122.088
610.747	144.447
610.702	126.115
610.656	136.263
610.61	138.273
610.564	138.25
610.518	121.965
610.472	136.171
610.426	148.34
610.381	152.378
610.335	146.259
610.289	111.706
610.243	131.994
610.197	115.729
610.151	115.71
610.106	131.927
610.06	135.964
610.014	111.593
609.968	135.918
609.922	146.036
609.876	135.871
609.83	160.18
609.785	125.689
609.739	125.668
609.693	119.567
609.647	125.625
609.601	119.527
609.555	131.659
609.509	129.612
609.463	115.416
609.418	131.593
609.372	129.546
609.326	119.405
609.28	145.69
609.234	125.434
609.188	147.663
609.142	117.302
609.097	109.193
609.051	147.588
609.005	117.242
608.959	143.496
608.913	117.202
608.867	123.244
608.821	113.123
608.775	123.202
608.73	115.104
608.684	109.027
608.638	129.195
608.592	149.357
608.546	113.007
608.5	147.288
608.454	110.952
608.408	116.984
608.362	137.13
608.317	118.96
608.271	122.972
608.225	131.014
608.179	151.144
608.133	110.82
608.087	143.034
608.041	120.854
607.995	122.847
607.949	138.934
607.904	102.673
607.858	122.784
607.812	102.638
607.766	142.864
607.72	108.639
607.674	112.644
607.628	104.58
607.582	120.649
607.536	108.565
607.49	124.628
607.445	112.548
607.399	136.642
607.353	112.51
607.307	122.534
607.261	116.488
607.215	132.533
607.169	102.395
607.123	120.444
607.077	118.416
607.031	118.396
606.986	136.433
606.94	134.404
606.894	130.37
606.848	126.337
606.802	108.27
606.756	116.271
606.71	122.264
606.664	114.227
606.618	148.27
606.572	120.198
606.526	118.175
606.48	118.155
606.435	106.121
606.389	120.116
606.343	122.098
606.297	118.074
606.251	104.048
606.205	110.032
606.159	118.014
606.113	113.994
606.067	107.976
606.021	111.956
605.975	121.931
605.929	99.9268
605.883	133.879
605.837	111.88
605.792	107.866
605.746	121.828
605.7	131.791
605.654	117.793
605.608	109.789
605.562	111.766
605.516	107.756
605.47	103.747
605.424	105.724
605.378	109.695
605.332	89.7352
605.286	109.658
605.24	135.554
605.194	107.627
605.148	107.609
605.102	95.636
605.056	105.58
605.011	117.513
604.965	115.501
604.919	125.437
604.873	107.499
604.827	127.384
604.781	109.452
604.735	123.361
604.689	115.383
604.643	103.429
604.597	113.355
604.551	101.406
604.505	105.364
604.459	115.285
604.413	99.3664
604.367	107.297
604.321	97.3458
604.275	87.3976
604.229	81.4248
604.183	103.253
604.137	107.206
604.091	111.157
604.045	119.077
603.999	101.198
603.953	97.213
603.908	115.049
603.862	115.029
603.816	93.1973
603.77	95.164
603.724	114.97
603.678	101.077
603.632	108.986
603.586	118.874
603.54	97.0637
603.494	118.833
603.448	106.932
603.402	98.9938
603.356	71.2634
603.31	96.9808
603.264	116.753
603.218	108.819
603.172	106.822
603.126	106.804
603.08	98.8754
603.034	88.9727
602.988	85.0038
602.942	108.707
602.896	106.712
602.85	112.622
602.804	108.651
602.758	79.0057
602.712	104.665
602.666	92.8
602.62	92.7841
602.574	92.7682
602.528	98.6727
602.482	94.7096
602.436	112.448
602.39	100.595
602.344	108.466
602.298	114.362
602.252	92.6572
602.206	82.7859
602.16	100.509
602.114	96.5505
602.068	96.5339
602.022	120.154
601.976	98.4703
601.93	84.67
601.884	78.7493
601.838	86.6094
601.792	98.4029
601.746	98.386
601.7	92.467
601.654	96.3853
601.608	88.5019
601.562	94.3859
601.516	96.3358
601.47	110.079
601.424	78.6145
601.378	88.4262
601.332	106.093
601.286	117.861
601.24	90.3447
601.194	106.039
601.148	92.2771
601.102	88.3353
601.056	107.947
601.01	88.305
600.964	86.3278
600.918	107.891
600.872	98.0662
600.826	98.0494
600.78	76.4654
600.734	92.1348
600.688	78.3992
600.642	72.5068
600.596	80.3316
600.55	82.2768
600.503	86.1799
600.457	86.1651
600.411	97.8981
600.365	74.3898
600.319	84.1635
600.273	84.149
600.227	88.0478
600.181	76.295
600.135	91.9295
600.089	99.7362
600.043	87.9874
599.997	87.9723
599.951	103.594
599.905	85.9878
599.859	97.6967
599.813	89.8655
599.767	78.1305
599.721	95.6934
599.675	95.677
599.629	76.138
599.583	87.8364
599.537	85.8698
599.491	70.245
599.445	89.7421
599.398	87.7761
599.352	99.4625
599.306	81.8962
599.26	68.2351
599.214	66.2741
599.168	76.0073
599.122	83.7885
599.076	93.5152
599.03	93.4992
598.984	97.3782
598.938	79.8364
598.892	73.982
598.846	91.4883
598.8	66.1717
598.754	91.4568
598.708	75.8767
598.662	95.3158
598.615	81.6852
598.569	91.3939
598.523	85.5456
598.477	87.4747
598.431	95.2339
598.385	75.7853
598.339	83.5438
598.293	87.4145
598.247	85.4573
598.201	89.3263
598.155	89.3109
598.109	89.2956
598.063	73.7532
598.017	85.3838
597.97	83.4288
597.924	89.2341
597.878	83.4001
597.832	67.8721
597.786	83.3714
597.74	79.48
597.694	100.786
597.648	96.8934
597.602	69.7512
597.556	96.86
597.51	94.9065
597.464	73.5882
597.418	85.1928
597.371	87.1139
597.325	81.2923
597.279	77.4079
597.233	69.6551
597.187	77.3812
597.141	87.0389
597.095	88.9578
597.049	87.0089
597.003	69.5951
596.957	63.7845
596.91	71.5036
596.864	90.8133
596.818	71.479
596.772	86.9189
596.726	75.3167
596.68	69.5111
596.634	75.2907
596.588	69.4872
596.542	82.9842
596.496	59.8155
596.449	65.5928
596.403	84.8702
596.357	67.4987
596.311	69.4152
596.265	75.1869
596.219	73.2464
596.173	59.7433
596.127	77.0748
596.081	65.5023
596.035	77.0482
595.988	75.109
595.942	80.8727
595.896	90.4847
595.85	57.7462
595.804	63.5099
595.758	73.12
595.712	73.1074
595.666	46.1651
595.619	73.0821
595.573	74.9924
595.527	74.9794
595.481	80.7331
595.435	84.5629
595.389	73.019
595.343	51.8729
595.297	65.3102
595.25	82.5839
595.204	72.9685
595.158	65.2763
595.112	61.4259
595.066	72.9307
595.02	82.5125
594.974	78.6611
594.928	78.6475
594.881	65.2086
594.835	70.9501
594.789	80.524
594.743	78.5931
594.697	76.663
594.651	55.571
594.605	57.4773
594.558	80.4544
594.512	53.627
594.466	76.5967
594.42	49.7792
594.374	84.2272
594.328	65.0734
594.282	93.766
594.235	65.0509
594.189	63.1267
594.143	74.5913
594.097	59.2803
594.051	68.8297
594.005	59.2597
593.959	70.7171
593.912	80.2596
593.866	64.9608
593.82	78.3215
593.774	80.2179
593.728	70.6559
593.682	72.5529
593.636	74.4493
593.589	59.1674
593.543	59.1572
593.497	62.9629
593.451	57.229
593.405	74.3849
593.359	53.3953
593.312	74.3591
593.266	62.9083
593.22	74.3333
593.174	49.5469
593.128	85.7394
593.082	62.8647
593.035	74.2818
592.989	66.6515
592.943	55.216
592.897	51.3991
592.851	59.0035
592.805	47.5752
592.758	49.4697
592.712	72.2893
592.666	85.5909
592.62	76.0676
592.574	62.7448
592.528	66.536
592.481	64.6238
592.435	77.9151
592.389	81.7017
592.343	37.9942
592.297	53.1826
592.251	58.8706
592.204	68.3539
592.158	68.3421
592.112	45.5535
592.066	53.1365
592.02	64.5117
591.973	60.7063
591.927	53.1088
591.881	47.4103
591.835	60.6747
591.789	60.6641
591.742	60.6536
591.696	62.5382
591.65	56.843
591.604	64.4109
591.558	66.2938
591.512	51.132
591.465	62.4838
591.419	54.9005
591.373	56.7838
591.327	58.6663
591.281	47.3033
591.234	52.9705
591.188	52.9613
591.142	60.5167
591.096	62.397
591.05	51.0432
591.003	58.595
590.957	54.8051
590.911	58.5746
590.865	52.8969
590.819	54.7765
590.772	64.2096
590.726	62.3102
590.68	56.6358
590.634	60.401
590.588	67.9393
590.541	60.38
590.495	45.2771
590.449	77.3349
590.403	56.5767
590.356	65.9946
590.31	64.0979
590.264	50.8924
590.218	43.3453
590.172	48.9905
590.125	45.2141
590.079	64.0421
590.033	41.4318
589.987	52.7222
589.941	50.8304
589.894	54.5861
589.848	45.1668
589.802	58.3303
589.756	50.795
589.709	54.5481
589.663	54.5386
589.617	45.1275
589.571	52.6396
589.524	54.5101
589.478	33.8279
589.432	50.7331
589.386	45.0882
589.34	46.9587
589.293	39.4384
589.247	52.5754
589.201	54.4436
589.155	50.68
589.108	58.178
589.062	48.786
589.016	48.7774
588.97	54.3961
588.923	48.7604
588.877	58.1273
588.831	54.3677
588.785	44.9861
588.739	59.971
588.692	54.3392
588.646	35.5953
588.6	54.3202
588.554	50.5652
588.507	37.4492
588.461	69.2688
588.415	54.2823
588.369	44.9155
588.322	58.0057
588.276	63.608
588.23	61.7264
588.184	59.8455
588.137	50.4858
588.091	61.6941
588.045	67.2909
587.999	46.7216
587.952	35.5022
587.906	44.8371
587.86	48.565
587.814	57.8943
587.767	50.4153
587.721	59.741
587.675	59.7305
587.628	52.2551
587.582	48.5141
587.536	54.1024
587.49	54.093
587.443	69.0031
587.397	52.2094
587.351	44.7431
587.305	48.4632
587.258	52.182
587.212	44.7196
587.166	48.4378
587.12	40.9787
587.073	44.6962
587.027	40.9643
586.981	46.5422
586.934	53.9795
586.888	55.8311
586.842	61.4035
586.796	59.5324
586.749	39.0613
586.703	53.9323
586.657	57.6417
586.611	35.3226
586.564	37.1752
586.518	46.4608
586.472	55.7433
586.425	37.1557
586.379	44.579
586.333	48.2854
586.287	44.5634
586.24	46.4121
586.194	37.1231
586.148	35.2608
586.101	51.9542
586.055	53.8003
586.009	53.7908
585.963	44.5088
585.916	51.9178
585.87	44.4932
585.824	38.9247
585.777	37.0646
585.731	51.8814
585.685	44.462
585.639	38.8974
585.592	38.8906
585.546	51.845
585.5	38.877
585.453	48.1249
585.407	49.9671
585.361	53.659
585.314	51.7996
585.268	42.5422
585.222	51.7814
585.176	44.3763
585.129	49.9146
585.083	48.0575
585.037	55.4412
584.99	44.3452
584.944	48.0322
584.898	59.1061
584.851	49.862
584.805	36.9284
584.759	42.4602
584.712	38.7612
584.666	42.4453
584.62	46.1281
584.574	51.6543
584.527	44.2674
584.481	42.4155
584.435	35.0327
584.388	35.0266
584.342	35.0204
584.296	38.7
584.249	55.2759
584.203	38.6864
584.157	34.9958
584.11	57.0884
584.064	58.9196
584.018	47.8637
583.971	34.9712
583.925	49.6872
583.879	40.4787
583.832	42.3113
583.786	47.8217
583.74	53.3302
583.693	36.773
583.647	45.9582
583.601	31.2461
583.554	38.5913
583.508	53.2833
583.462	36.7407
583.415	27.5507
583.369	40.4005
583.323	49.5737
583.276	38.5506
583.23	44.05
583.184	42.2072
583.137	51.3736
583.091	34.8546
583.045	44.0191
582.998	51.3465
582.952	56.8379
582.906	54.9948
582.859	51.3194
582.813	49.4779
582.767	45.8048
582.72	49.4604
582.674	31.1363
582.628	54.9367
582.581	49.4343
582.535	45.7645
582.489	43.9261
582.442	42.0885
582.396	42.0811
582.35	45.7322
582.303	54.869
582.257	27.4297
582.211	53.0214
582.164	43.872
582.118	34.7259
582.071	51.166
582.025	38.3677
581.979	36.5342
581.932	45.6598
581.886	58.4342
581.84	38.3407
581.793	41.9848
581.747	60.2284
581.701	60.2178
581.654	34.6647
581.608	62.0207
581.561	69.305
581.515	60.1753
581.469	76.5732
581.422	60.1541
581.376	61.966
581.33	80.1771
581.283	69.2317
581.237	63.7548
581.191	69.2072
581.144	85.5833
581.098	67.3622
581.051	65.53
581.005	52.7788
580.959	47.3105
580.912	45.4829
580.866	69.1218
580.82	56.3789
580.773	54.5506
580.727	50.9049
580.68	49.0782
580.634	52.7043
580.588	78.1339
580.541	58.1359
580.495	52.6763
580.448	61.7476
580.402	70.8156
580.356	52.6484
580.309	70.7906
580.263	61.7039
580.217	67.1365
580.17	63.4963
580.124	67.1128
580.077	48.9656
580.031	47.1437
579.985	67.0772
579.938	54.3773
579.892	48.9309
579.845	43.4865
579.799	56.1601
579.753	47.0937
579.706	43.4634
579.66	57.941
579.613	36.2067
579.567	45.2504
579.521	41.623
579.474	48.8531
579.428	47.0354
579.381	57.8795
579.335	56.0608
579.289	37.97
579.242	34.3477
579.196	45.1864
579.149	43.3712
579.103	56.0112
579.057	48.7754
579.01	59.6038
578.964	43.3405
578.917	39.7218
578.871	41.52
578.825	45.1224
578.778	46.919
578.732	30.6724
578.685	57.726
578.639	43.2868
578.593	43.2792
578.546	34.2566
578.5	59.4877
578.453	54.0702
578.407	43.2485
578.36	55.8527
578.314	43.2332
578.268	37.8223
578.221	46.8193
578.175	50.4119
578.128	41.4024
578.082	50.394
578.035	48.5856
577.989	41.3804
577.943	41.3731
577.896	28.7762
577.85	53.9457
577.803	48.5425
577.757	61.1168
577.71	50.3225
577.664	48.5167
577.618	52.1013
577.571	37.7218
577.525	41.3071
577.478	55.6648
577.432	52.0643
577.385	37.6951
577.339	30.5096
577.293	32.2986
577.246	57.4095
577.2	53.8119
577.153	69.943
577.107	69.9306
577.06	59.1615
577.014	59.151
576.968	50.1798
576.921	64.5055
576.875	60.911
576.828	62.6914
576.782	57.3076
576.735	44.7636
576.689	46.5459
576.642	55.4872
576.596	53.6877
576.55	62.6246
576.503	46.5128
576.457	55.4478
576.41	46.4963
576.364	39.336
576.317	44.6921
576.271	48.2589
576.224	55.3985
576.178	55.3887
576.131	35.7283
576.085	64.2994
576.039	44.6444
575.992	33.9237
575.946	44.6286
575.899	39.2662
575.853	55.3197
575.806	39.2522
575.76	39.2452
575.713	37.4547
575.667	39.2312
575.62	37.4413
575.574	42.7825
575.527	30.2989
575.481	39.2033
575.435	42.7596
575.388	55.2214
575.342	28.4963
575.295	35.614
575.249	42.7292
575.202	37.3814
575.156	30.2557
575.109	35.5886
575.063	40.9197
575.016	32.0184
574.97	44.462
574.923	32.007
574.877	39.1127
574.83	37.3282
574.784	33.7671
574.737	60.4145
574.691	42.638
574.644	44.4066
574.598	42.6228
574.552	37.2883
574.505	28.405
574.459	47.925
574.412	30.1696
574.366	51.4566
574.319	42.5772
574.273	46.1171
574.226	30.1481
574.18	23.0503
574.133	31.9101
574.087	42.5392
574.04	51.3924
573.994	24.8057
573.947	19.4867
573.901	37.1953
573.854	38.9595
573.808	17.7057
573.761	35.4051
573.715	26.5491
573.668	37.1621
573.622	26.5396
573.575	33.6109
573.529	42.4482
573.482	40.6723
573.436	22.9846
573.389	26.5159
573.343	33.5809
573.296	33.5749
573.25	37.1024
573.203	33.5629
573.157	30.0246
573.11	38.8484
573.064	42.3725
573.017	37.0693
572.971	35.2978
572.924	28.2332
572.878	40.578
572.831	29.987
572.785	28.2181
572.738	24.6864
572.692	21.156
572.645	24.6776
572.599	28.1979
572.552	33.479
572.506	31.7113
572.459	38.7513
572.413	35.2222
572.366	42.259
572.319	35.2096
572.273	22.8821
572.226	43.9962
572.18	40.4693
572.133	28.1475
572.087	29.9014
572.04	38.689
571.994	31.6489
571.947	22.8535
571.901	31.6376
571.854	38.6613
571.808	47.4394
571.761	52.7011
571.715	38.6405
571.668	38.6336
571.622	42.1382
571.575	40.3752
571.529	40.368
571.482	43.8704
571.436	29.8265
571.389	35.0837
571.342	42.0929
571.296	33.3176
571.249	43.8311
571.203	33.3057
571.156	50.8259
571.11	29.7891
571.063	24.5278
571.017	29.7785
570.97	31.5245
570.924	43.7762
570.877	29.7625
570.831	38.5092
570.784	33.252
570.737	27.9967
570.691	12.2463
570.644	24.4883
570.598	34.977
570.551	34.9707
570.505	40.2091
570.458	38.454
570.412	29.7091
570.365	22.7147
570.319	40.1803
570.272	41.9197
570.225	47.1512
570.179	34.9206
570.132	50.6258
570.086	36.6535
570.039	34.9018
569.993	24.4269
569.946	36.6337
569.9	27.9064
569.853	31.3891
569.806	26.1529
569.76	17.4321
569.713	24.4006
569.667	29.6239
569.62	27.8763
569.574	26.1294
569.527	27.8663
569.48	31.344
569.434	29.5973
569.387	34.8141
569.341	26.1059
569.294	36.5417
569.248	27.8363
569.201	38.268
569.154	15.6523
569.108	22.6048
569.061	31.2933
569.015	34.7641
568.968	19.1168
568.922	20.851
568.875	33.0081
568.828	20.8435
568.782	26.0497
568.735	22.5723
568.689	15.6242
568.642	22.5642
568.596	34.7079
568.549	32.9666
568.502	29.4911
568.456	41.627
568.409	34.6829
568.363	20.806
568.316	24.2693
568.27	24.265
568.223	25.9935
568.176	31.1866
568.13	13.8582
568.083	29.4434
568.037	24.2431
567.99	29.4328
567.943	32.8895
567.897	8.65358
567.85	22.4953
567.804	27.6815
567.757	27.6765
567.71	34.5894
567.664	34.5832
567.617	27.6616
567.571	29.3851
567.524	36.2927
567.477	38.0141
567.431	25.914
567.384	31.0912
567.338	20.7237
567.291	22.4467
567.245	20.7163
567.198	24.1646
567.151	20.7088
567.105	22.4305
567.058	20.7013
567.011	18.9728
566.965	32.7653
566.918	20.6901
566.872	27.5819
566.825	17.2356
566.778	22.4022
566.732	27.567
566.685	29.2846
566.639	22.3901
566.592	29.274
566.545	30.9905
566.499	22.378
566.452	17.2107
566.406	15.4868
566.359	22.3658
566.312	27.5222
566.266	30.9569
566.219	29.2318
566.173	15.4729
566.126	22.3457
566.079	24.0602
566.033	27.4924
565.986	15.4617
565.939	30.9178
565.893	22.3255
565.846	22.3215
565.8	34.3345
565.753	30.8955
565.706	24.0255
565.66	32.6001
565.613	30.8787
565.566	22.2973
565.52	20.5784
565.473	15.431
565.427	29.1422
565.38	13.7115
565.333	20.5635
565.287	15.4198
565.24	17.1301
565.193	13.7016
565.147	3.42477
565.1	18.8328
565.053	23.9647
565.007	39.3635
564.96	29.0895
564.914	11.9759
564.867	1.71053
564.82	22.2328
564.774	15.3892
564.727	13.6768
564.68	8.54645
564.634	29.0527
564.587	17.0867
564.54	27.3338
564.494	18.7886
564.447	27.3239
564.401	27.319
564.354	32.4354
564.307	27.3091
564.261	11.9456
564.214	18.7682
564.167	27.2942
564.121	13.6446
564.074	15.3474
564.027	20.4596
563.981	27.2745
563.934	13.6348
563.887	13.6323
563.841	32.3708
563.794	15.3308
563.747	15.328
563.701	15.3252
563.654	20.4299
563.607	27.2349
563.561	25.5281
563.514	25.5235
563.467	25.5189
563.421	6.8038
563.374	18.7071
563.327	11.9023
563.281	27.2004
563.234	30.5949
563.187	15.2947
563.141	22.0883
563.094	23.7831
563.047	20.3818
563.001	11.8872
562.954	15.2808
562.907	22.0683
562.861	30.5505
562.814	20.3633
562.767	23.7529
562.721	16.9633
562.674	25.4403
562.627	22.0442
562.581	23.7356
562.534	18.6461
562.487	25.4218
562.441	13.5558
562.394	18.6359
562.347	20.3264
562.301	22.0162
562.254	28.7852
562.207	28.78
562.161	27.0821
562.114	20.3079
562.067	21.9962
562.021	33.8342
561.974	16.914
561.927	25.3665
561.881	33.8158
561.834	27.0477
561.787	38.874
561.741	20.2784
561.694	23.6538
561.647	38.8528
561.6	25.3342
561.554	33.7728
561.507	38.8316
561.46	45.5767
561.414	32.0666
561.367	23.6237
561.32	32.055
561.274	59.0379
561.227	45.5352
561.18	26.9789
561.134	47.2045
561.087	32.0258
561.04	42.1316
560.993	40.4389
560.947	38.7469
560.9	42.1086
560.853	21.8925
560.807	40.4095
560.76	42.0856
560.713	31.9792
560.667	38.7046
560.62	28.6026
560.573	25.2329
560.526	35.3197
560.48	26.9053
560.433	38.6694
560.386	38.6623
560.34	28.5713
560.293	31.9268
560.246	23.5207
560.199	35.2747
560.153	20.1533
560.106	47.0158
560.059	55.4013
560.013	43.6416
559.966	36.9207
559.919	31.8803
559.872	43.6177
559.826	26.8368
559.779	23.4779
559.732	28.5037
559.686	15.0874
559.639	11.7325
559.592	20.1092
559.545	28.4829
559.499	13.4013
559.452	21.7731
559.405	10.0473
559.359	18.4166
559.312	21.7612
559.265	21.7572
559.218	25.0999
559.172	13.3842
559.125	30.1088
559.078	23.4137
559.031	10.0326
558.985	13.3744
558.938	13.3719
558.891	10.0271
558.845	23.3923
558.798	20.0469
558.751	21.7135
558.704	25.0495
558.658	11.6876
558.611	26.7097
558.564	21.6977
558.517	16.6875
558.471	21.6897
558.424	20.0176
558.377	11.6748
558.33	16.6753
558.284	18.3394
558.237	20.003
558.19	31.6656
558.143	13.3305
558.097	19.992
558.05	18.3227
558.003	19.9847
557.956	19.9811
557.91	23.307
557.863	16.6448
557.816	14.9776
557.769	13.311
557.723	11.645
557.676	19.9591
557.629	34.9221
557.582	18.2892
557.536	14.9611
557.489	11.6343
557.442	21.6026
557.395	19.9372
557.349	16.6113
557.302	28.2341
557.255	19.9263
557.208	18.2624
557.162	18.2591
557.115	29.873
557.068	26.5489
557.021	28.2031
556.975	23.2218
556.928	21.5592
556.881	26.5295
556.834	34.8136
556.788	19.8898
556.741	21.5434
556.694	21.5394
556.647	18.2223
556.601	24.8441
556.554	11.5918
556.507	34.7689
556.46	26.4858
556.413	16.5506
556.367	39.7141
556.32	28.1256
556.273	19.8498
556.226	28.1153
556.18	28.1102
556.133	26.4518
556.086	42.9763
556.039	14.8737
555.993	16.5233
555.946	8.26012
555.899	19.8206
555.852	19.817
555.805	21.4645
555.759	26.413
555.712	23.1071
555.665	16.5021
555.618	18.1489
555.572	13.1968
555.525	26.3887
555.478	19.7879
555.431	26.3791
555.384	26.3742
555.338	16.4809
555.291	21.4212
555.244	29.6546
555.197	21.4133
555.15	21.4094
555.104	26.3452
555.057	24.694
555.01	31.2734
554.963	21.3936
554.916	23.0351
554.87	23.0308
554.823	14.8028
554.776	18.089
554.729	18.0857
554.683	19.7262
554.636	19.7226
554.589	19.719
554.542	21.3583
554.495	41.0661
554.449	22.9928
554.402	19.7045
554.355	19.7008
554.308	13.1315
554.261	24.617
554.215	26.2533
554.168	27.889
554.121	24.6034
554.074	18.0392
554.027	29.5132
553.98	26.2291
553.934	18.0292
553.887	24.5808
553.84	24.5762
553.793	24.5717
553.746	27.8428
553.7	21.2876
553.653	26.1954
553.606	22.9167
553.559	34.3687
553.512	22.9083
553.466	31.0841
553.419	17.9927
553.372	22.8956
553.325	26.1616
553.278	31.0612
553.232	16.345
553.185	22.8787
553.138	29.4101
553.091	11.4352
553.044	11.433
552.997	24.4949
552.951	11.4288
552.904	24.4858
552.857	19.5851
552.81	16.3179
552.763	19.5778
552.716	27.7302
552.67	16.3088
552.623	13.0447
552.576	21.1937
552.529	19.5598
552.482	21.1859
552.436	17.9232
552.389	8.1454
552.342	11.4015
552.295	16.2848
552.248	17.91
552.201	17.9067
552.155	21.1585
552.108	16.2728
552.061	11.3888
552.014	13.0134
551.967	27.6484
551.92	14.6347
551.873	24.3866
551.827	16.2548
551.78	22.7524
551.733	14.6239
551.686	17.8703
551.639	8.12137
551.592	25.9836
551.546	27.6025
551.499	25.974
551.452	25.9692
551.405	19.4733
551.358	34.072
551.311	14.5996
551.265	27.5719
551.218	22.702
551.171	22.6978
551.124	25.9356
551.077	19.4481
551.03	17.8241
550.983	21.061
550.937	29.156
550.89	24.2922
550.843	30.7644
550.796	29.1398
550.749	30.753
550.702	19.4193
550.655	40.4495
550.609	33.9713
550.562	27.4955
550.515	37.1929
550.468	30.7189
550.421	30.7132
550.374	27.4751
550.327	38.7812
550.281	21.0026
550.234	33.921
550.187	25.8398
550.14	29.0644
550.093	35.5166
550.046	32.2818
