800.134	-7.87212
800.093	7.87212
800.053	-19.6776
800.012	-19.6748
799.971	-15.7377
799.931	-7.86773
799.89	-19.6666
799.849	-7.86554
799.809	-27.5256
799.768	0
799.727	7.86226
799.687	-15.7223
799.646	-31.4403
799.605	-19.6474
799.565	-19.6447
799.524	-7.85678
799.483	-11.7835
799.443	-27.4911
799.402	-27.4872
799.361	-3.9262
799.32	-23.5539
799.28	-11.7753
799.239	-7.84912
799.198	-15.6961
799.158	-23.5408
799.117	-19.6146
799.076	-35.3014
799.036	-15.6873
798.995	-19.6064
798.954	0
798.913	-7.84038
798.873	-11.7589
798.832	0
798.791	-15.6742
798.751	-11.754
798.71	-15.6698
798.669	-3.91691
798.629	-11.7491
798.588	-11.7475
798.547	-3.91527
798.506	-19.5736
798.466	-31.3135
798.425	-7.82727
798.384	-11.7393
798.343	-31.3004
798.303	-23.472
798.262	-7.82291
798.221	-23.4655
798.181	3.91036
798.14	-11.7295
798.099	-3.90927
798.058	-11.7262
798.018	-11.7246
797.977	-15.6306
797.936	-11.7213
797.895	-23.4393
797.855	-7.81201
797.814	-3.90546
797.773	-11.7147
797.732	-27.3306
797.692	0
797.651	-11.7098
797.61	-11.7082
797.569	15.6088
797.529	-11.7049
797.488	-23.4066
797.447	11.7017
797.406	-11.7001
797.366	-15.5979
797.325	-7.79786
797.284	3.89838
797.243	-11.6935
797.202	-3.8973
797.162	-11.6903
797.121	7.79242
797.08	-19.4783
797.039	-15.5805
796.999	-35.0512
796.958	3.89404
796.917	-15.574
796.876	-3.89295
796.835	-23.3544
796.795	-31.1349
796.754	-19.4566
796.713	-23.3447
796.672	-11.6707
796.632	-15.5588
796.591	-7.7783
796.55	-31.1088
796.509	-15.5523
796.468	7.77504
796.428	-15.5479
796.387	3.88644
796.346	-19.4295
796.305	-19.4268
796.264	-7.76962
796.224	-11.6528
796.183	-11.6512
796.142	3.88318
796.101	-11.6479
796.06	-15.5284
796.019	-19.4078
795.979	-19.4051
795.938	-19.4024
795.897	-15.5197
795.856	-7.75878
795.815	-11.6365
795.775	-11.6349
795.734	-19.3888
795.693	0
795.652	-11.63
795.611	-11.6284
795.57	-19.378
795.53	-11.6252
795.489	-3.87452
795.448	15.4959
795.407	-23.2406
795.366	0
795.325	-34.8512
795.285	-42.5899
795.244	-11.6138
795.203	-7.74146
795.162	-3.87019
795.121	-15.4786
795.08	-11.6073
795.04	-7.73713
794.999	-19.3401
794.958	-50.2773
794.917	-19.3347
794.876	-11.5992
794.835	27.0611
794.794	-30.9226
794.754	-23.1887
794.713	-15.457
794.672	-27.0459
794.631	-11.5895
794.59	3.86263
794.549	-11.5863
794.508	-38.6155
794.467	-7.72201
794.427	-3.86047
794.386	-27.0195
794.345	-11.5782
794.304	-15.4354
794.263	-11.5749
794.222	-11.5733
794.181	-3.85723
794.14	-7.71339
794.1	-3.85615
794.059	11.5668
794.018	-3.85508
793.977	3.85454
793.936	-23.124
793.895	-38.5346
793.854	-7.70584
793.813	-15.4095
793.772	-19.2592
793.732	3.8513
793.691	-7.70153
793.65	7.70046
793.609	-30.7975
793.568	-34.6424
793.527	-7.69723
793.486	-7.69615
793.445	-15.3901
793.404	7.694
793.363	11.5394
793.322	0
793.282	0
793.241	-15.3794
793.2	7.68862
793.159	-19.2189
793.118	-26.9026
793.077	-7.68539
793.036	0
792.995	-15.3665
792.954	-19.2054
792.913	-11.5216
792.872	-19.2001
792.831	-23.0368
792.79	-23.0336
792.75	-7.6768
792.709	11.5136
792.668	7.67465
792.627	-26.8575
792.586	-15.345
792.545	3.83571
792.504	7.67036
792.463	3.83464
792.422	-11.5023
792.381	-15.3343
792.34	-19.1652
792.299	-19.1625
792.258	-7.66392
792.217	-3.83142
792.176	-11.4927
792.135	-11.4911
792.094	-22.9789
792.053	0
792.012	-19.1437
791.971	7.65641
791.931	-26.7937
791.89	-7.65427
791.849	-7.6532
791.808	-19.1303
791.767	-19.1276
791.726	-11.475
791.685	0
791.644	7.64784
791.603	-3.82339
791.562	-11.4686
791.521	-7.64463
791.48	-22.9307
791.439	15.285
791.398	-11.4621
791.357	-15.2807
791.316	-11.4589
791.275	-11.4573
791.234	-19.0929
791.193	7.63607
791.152	15.27
791.111	11.4509
791.07	-7.63287
791.029	-7.6318
790.988	11.4461
790.947	-15.2593
790.906	7.62859
790.865	15.255
790.824	-11.4397
790.783	3.81269
790.742	-11.4365
790.701	-11.4349
790.66	-3.81109
790.619	-15.2422
790.578	-3.81002
790.537	41.9044
790.496	-19.0448
790.455	-26.659
790.414	-7.61578
790.373	-11.4221
790.332	7.61364
790.291	-19.0314
790.25	-7.61151
790.209	-7.61044
790.168	-3.80469
790.127	-3.80415
790.086	-3.80362
790.045	-3.80309
790.004	-7.60511
789.963	-19.0101
789.921	-19.0074
789.88	-3.80096
789.839	0
789.798	-22.7993
789.757	-11.3981
789.716	-22.793
789.675	-22.7898
789.634	-18.9888
789.593	15.1889
789.552	-11.3901
789.511	-3.79616
789.47	-11.3869
789.429	-11.3853
789.388	-7.58914
789.347	-18.9702
789.306	-26.5545
789.265	7.58594
789.224	-11.3773
789.183	-11.3757
789.141	-22.7483
789.1	7.58169
789.059	7.58063
789.018	0
788.977	18.9463
788.936	3.78872
788.895	-22.7291
788.854	-11.363
788.813	0
788.772	-18.933
788.731	-15.1443
788.69	-11.3566
788.649	-15.14
788.607	18.9224
788.566	-22.7036
788.525	-30.2673
788.484	-11.3486
788.443	-7.56469
788.402	3.78182
788.361	-3.78129
788.32	-22.6845
788.279	-15.1209
788.238	0
788.197	3.77916
788.155	-7.55727
788.114	-11.3343
788.073	-3.77757
788.032	-3.77704
787.991	-15.1061
787.95	-3.77598
787.909	-15.1018
787.868	7.54985
787.827	-7.54879
787.785	-11.3216
787.744	11.32
787.703	-11.3184
787.662	3.77228
787.621	-7.54349
787.58	7.54243
787.539	-22.6241
787.498	0
787.457	11.3089
787.415	3.7691
787.374	30.1486
787.333	7.53608
787.292	-3.76751
787.251	11.3009
787.21	-3.76645
787.169	11.2978
787.127	-11.2962
787.086	7.52973
787.045	-18.8217
787.004	11.2914
786.963	7.52656
786.922	-18.8138
786.881	3.76222
786.839	-11.2851
786.798	0
786.757	-15.0426
786.716	0
786.675	-3.75958
786.634	-3.75906
786.593	7.51705
786.551	11.274
786.51	-11.2724
786.469	18.7847
786.428	7.51283
786.387	-18.7794
786.346	0
786.304	-18.7742
786.263	-3.75431
786.222	-3.75378
786.181	-3.75325
786.14	-18.7636
786.099	3.7522
786.057	-7.50334
786.016	-33.7603
785.975	-3.75061
785.934	7.50017
785.893	3.74956
785.851	-7.49807
785.81	-14.994
785.769	0
785.728	0
785.687	7.49385
785.646	0
785.604	7.49175
785.563	14.9814
785.522	-7.48964
785.481	3.74429
785.44	26.2064
785.398	-14.973
785.357	26.199
785.316	7.48438
785.275	-22.45
785.234	11.2234
785.192	7.48122
785.151	0
785.11	-3.73956
785.069	-11.2171
785.027	3.73851
784.986	3.73798
784.945	11.2124
784.904	22.4216
784.863	-11.2092
784.821	11.2076
784.78	7.47071
784.739	14.9393
784.698	11.2029
784.656	18.6689
784.615	-7.46651
784.574	-29.8618
784.533	-7.46441
784.492	0
784.45	-11.1935
784.409	0
784.368	-11.1903
784.327	3.72958
784.285	11.1872
784.244	7.45706
784.203	-33.552
784.162	-18.6374
784.12	-7.45391
784.079	7.45286
784.038	14.9036
783.997	-18.6269
783.955	14.8994
783.914	-11.173
783.873	-3.72381
783.832	18.6164
783.79	-7.44552
783.749	0
783.708	0
783.667	11.1636
783.625	-3.72067
783.584	7.44029
783.543	11.1589
783.502	18.5955
783.46	11.1557
783.419	-18.5902
783.378	14.8701
783.336	-26.019
783.295	18.5824
783.254	-7.43191
783.213	29.7235
783.171	0
783.13	-3.71439
783.089	14.8555
783.048	0
783.006	-18.5641
782.965	22.2738
782.924	0
782.882	-3.71125
782.841	18.5536
782.8	0
782.759	0
782.717	11.1275
782.676	11.1259
782.635	-14.8325
782.593	7.41518
782.552	-3.70707
782.511	7.41309
782.469	-3.70602
782.428	14.822
782.387	-25.9349
782.345	29.6357
782.304	-14.8157
782.263	11.1102
782.222	-7.40579
782.18	11.1071
782.139	3.70185
782.098	3.70133
782.056	11.1024
782.015	0
781.974	-25.8983
781.932	22.1955
781.891	-14.7949
781.85	7.3964
781.808	11.093
781.767	0
781.726	3.69664
781.684	7.39223
781.643	3.69559
781.602	-3.69507
781.56	0
781.519	-11.0821
781.478	11.0805
781.436	33.2369
781.395	-7.38494
781.354	-3.69195
781.312	7.38286
781.271	3.69091
781.23	0
781.188	11.0696
781.147	29.5148
781.106	14.7553
781.064	33.1948
781.023	3.68779
780.982	14.7491
780.94	11.0602
780.899	7.37246
780.857	7.37142
780.816	22.1111
780.775	29.4773
780.733	36.8415
780.692	7.36726
780.651	18.4155
780.609	18.413
780.568	7.36414
780.526	18.4078
780.485	3.68103
780.444	25.7636
780.402	-7.35999
780.361	-3.67947
780.32	0
780.278	14.7137
780.237	-3.67792
780.195	-3.6774
780.154	-7.35376
780.113	25.7345
780.071	0
780.03	18.3766
779.989	14.6992
779.947	3.67429
779.906	-7.34754
779.864	-7.3465
779.823	22.0364
779.782	14.6889
779.74	7.34339
779.699	-3.67118
779.657	-7.34132
779.616	33.0313
779.575	-3.66962
779.533	25.6837
779.492	11.0058
779.45	-14.6723
779.409	18.3378
779.367	0
779.326	0
779.285	10.998
779.243	14.6619
779.202	-3.66496
779.16	7.32889
779.119	-18.3196
779.078	25.6439
779.036	0
778.995	25.6366
778.953	7.32372
778.912	0
778.87	-7.32165
778.829	0
778.788	7.31958
778.746	25.6149
778.705	-10.9763
778.663	25.6077
778.622	14.6309
778.58	3.65721
778.539	14.6268
778.497	25.5932
778.456	25.5896
778.415	3.65514
778.373	7.30925
778.332	18.2705
778.29	-3.65359
778.249	10.9592
778.207	18.2628
778.166	-3.65204
778.124	18.2576
778.083	18.2551
778.042	7.30099
778	29.1998
777.959	29.1957
777.917	0
777.876	10.9453
777.834	3.64792
777.793	21.8844
777.751	3.64688
777.71	10.9391
777.668	25.521
777.627	-7.29068
777.585	25.5138
777.544	3.64431
777.502	18.219
777.461	3.64328
777.419	29.1421
777.378	10.9267
777.336	32.7756
777.295	-10.9237
777.254	7.28141
777.212	40.0421
777.171	-10.919
777.129	10.9175
777.088	25.4705
777.046	14.5525
777.005	18.1881
776.963	21.8226
776.922	14.5463
776.88	0
776.839	-10.9067
776.797	-10.9051
776.756	14.5381
776.714	29.0721
776.673	14.534
776.631	21.7979
776.59	0
776.548	0
776.507	21.7887
776.465	18.1547
776.424	0
776.382	25.4093
776.34	25.4057
776.299	32.6599
776.257	3.62836
776.216	7.2557
776.174	-10.882
776.133	-3.62682
776.091	21.7579
776.05	25.3806
776.008	3.62529
775.967	28.9982
775.925	18.1213
775.884	10.8712
775.842	28.9859
775.801	28.9818
775.759	32.5999
775.718	7.24339
775.676	18.1059
775.634	7.24134
775.593	14.4806
775.551	0
775.51	47.0487
775.468	21.7117
775.427	7.23622
775.385	14.4704
775.344	18.0854
775.302	10.8497
775.261	7.23212
775.219	7.23109
775.177	14.4601
775.136	21.6871
775.094	3.61401
775.053	14.454
775.011	7.22598
774.97	14.4499
774.928	28.8957
774.886	28.8916
774.845	18.0547
774.803	43.3252
774.762	32.4893
774.72	3.60941
774.679	-18.0445
774.637	-7.21677
774.595	21.6472
774.554	-7.21472
774.512	25.248
774.471	3.60634
774.429	39.6641
774.388	3.60532
774.346	25.2337
774.304	43.2516
774.263	32.4341
774.221	36.0328
774.18	7.20553
774.138	18.0113
774.096	21.6105
774.055	21.6074
774.013	18.0036
773.972	61.2036
773.93	46.7961
773.888	25.1943
773.847	17.9934
773.805	25.1872
773.764	35.9766
773.722	3.59715
773.68	28.7731
773.639	-7.19226
773.597	17.9781
773.556	14.3805
773.514	0
773.472	7.18819
773.431	43.123
773.389	14.3723
773.347	0
773.306	7.18411
773.264	7.18309
773.223	21.5462
773.181	25.1337
773.139	28.7201
773.098	17.9475
773.056	21.534
773.014	35.8849
772.973	10.7639
772.931	32.2873
772.89	50.2175
772.848	25.1052
772.806	32.2735
772.765	32.2689
772.723	-7.16986
772.681	25.0909
772.64	25.0874
772.598	35.834
772.556	32.2461
772.515	35.8239
772.473	0
772.431	39.3951
772.39	28.6469
772.348	7.16071
772.306	21.4791
772.265	28.6347
772.223	28.6306
772.181	57.2532
772.14	42.9338
772.098	25.0411
772.056	14.3072
772.015	14.3052
771.973	32.1821
771.931	50.0539
771.89	7.14954
771.848	21.4456
771.806	14.295
771.765	3.57325
771.723	53.5911
771.681	21.4334
771.64	17.8586
771.598	28.5697
771.556	35.7071
771.515	39.2722
771.473	10.7091
771.431	14.2768
771.39	17.8434
771.348	21.4091
771.306	28.5414
771.265	10.7015
771.223	0
771.181	35.6615
771.14	21.3939
771.098	24.956
771.056	32.0817
771.014	42.7695
770.973	39.1998
770.931	10.6893
770.889	17.813
770.848	17.8105
770.806	14.2464
770.764	49.8552
770.722	35.6058
770.681	28.4806
770.639	35.5957
770.597	28.4725
770.556	39.1441
770.514	46.2547
770.472	14.2302
770.43	46.2415
770.389	14.2261
770.347	32.0043
770.305	21.3331
770.264	42.6602
770.222	39.0997
770.18	28.4321
770.138	24.8745
770.097	17.765
770.055	42.6299
770.013	24.8639
769.971	39.0663
769.93	31.9588
769.888	31.9543
769.846	24.8498
769.805	10.6484
769.763	35.4896
769.721	42.5815
769.679	35.4795
769.638	28.3796
769.596	35.4694
769.554	46.1037
769.512	42.5512
769.471	31.9089
769.429	42.5391
769.387	63.7996
769.345	28.3513
769.304	60.238
769.262	46.0578
769.22	24.7968
769.178	21.2514
769.136	46.0382
769.095	38.9498
769.053	35.4039
769.011	46.0185
768.969	17.6969
768.928	49.5443
768.886	10.6151
768.844	17.6894
768.802	21.2242
768.761	35.3686
768.719	31.8273
768.677	35.3586
768.635	38.8889
768.593	35.3485
768.552	14.1374
768.51	42.4062
768.468	17.6667
768.426	49.4598
768.384	52.9851
768.343	45.9139
768.301	38.8447
768.259	31.7775
768.217	49.4246
768.176	24.7088
768.134	7.05864
768.092	28.2306
768.05	17.6416
768.008	35.2781
767.967	45.8551
767.925	45.8485
767.883	42.3157
767.841	59.9387
767.799	38.7783
767.757	28.1984
767.716	66.9617
767.674	21.1428
767.632	59.896
767.59	42.2735
767.548	24.656
767.507	31.6961
767.465	38.7342
767.423	49.291
767.381	17.6014
767.339	52.7968
767.297	42.2314
767.256	42.2254
767.214	35.1828
767.172	38.6956
767.13	21.1037
767.088	24.6174
767.046	21.0977
767.005	49.2209
766.963	31.6375
766.921	28.1182
766.879	10.5428
766.837	38.6515
766.795	24.5929
766.754	49.1788
766.712	35.1227
766.67	31.6059
766.628	45.6465
766.586	45.64
766.544	28.0821
766.503	28.0781
766.461	38.6019
766.419	21.0526
766.377	42.0992
766.335	52.6165
766.293	42.0872
766.251	28.0541
766.21	52.594
766.168	45.575
766.126	28.0421
766.084	7.00953
766.042	31.5384
766	42.0452
765.958	28.0261
765.916	42.0332
765.875	70.0454
765.833	38.5195
765.791	66.5241
765.749	42.0093
765.707	45.5035
765.665	45.497
765.623	45.4906
765.581	17.4939
765.54	45.4776
765.498	38.4755
765.456	55.9564
765.414	38.4646
765.372	27.9702
765.33	41.9494
765.288	20.9717
765.246	34.9478
765.204	20.9657
765.163	13.9751
765.121	24.453
765.079	34.9279
765.037	38.4152
764.995	48.8851
764.953	55.8607
764.911	24.4356
764.869	45.3739
764.827	59.3266
764.785	55.8288
764.744	34.888
764.702	55.8129
764.66	38.3659
764.618	55.797
764.576	62.7626
764.534	59.2673
764.492	62.7447
764.45	59.2504
764.408	45.3027
764.366	17.4216
764.324	48.7736
764.282	31.35
764.24	38.3111
764.199	45.2703
764.157	69.6367
764.115	10.444
764.073	59.1743
764.031	24.3624
763.989	38.2783
763.947	86.9838
763.905	45.2251
763.863	45.2186
763.821	55.6458
763.779	31.2963
763.737	55.6299
763.695	27.811
763.653	48.6622
763.611	55.606
763.569	48.6483
763.528	34.7438
763.486	48.6344
763.444	38.2073
763.402	41.6747
763.36	48.6136
763.318	69.4381
763.276	65.9567
763.234	10.4127
763.192	48.5858
763.15	45.1089
763.108	52.0413
763.066	45.096
763.024	34.6843
762.982	31.2114
762.94	45.0767
762.898	62.405
762.856	20.7987
762.814	86.6488
762.772	48.5164
762.73	62.3693
762.688	48.5025
762.646	31.1757
762.604	55.4156
762.562	55.4077
762.52	48.4748
762.478	51.9299
762.436	51.9224
762.394	38.071
762.352	41.5261
762.31	65.7402
762.268	55.3523
762.226	58.8034
762.184	83.0046
762.142	41.4964
762.1	38.0329
762.058	20.7423
762.016	65.6744
761.974	48.3847
761.932	48.3778
761.89	48.3709
761.848	65.6368
761.806	41.4489
761.764	41.443
761.722	41.4371
761.68	34.5259
761.638	48.3294
761.596	48.3225
761.554	55.2178
761.512	51.7593
761.47	48.3017
761.428	37.9459
761.386	58.6353
761.344	51.7296
761.302	58.6185
761.26	58.6102
761.218	44.8131
761.176	51.7
761.134	55.1388
761.092	82.6964
761.05	58.5682
761.008	75.7833
760.966	41.3304
760.924	41.3245
760.882	65.4211
760.84	55.0836
760.798	55.0757
760.756	44.7426
760.714	72.2662
760.672	55.052
760.63	72.2455
760.588	48.1567
760.546	61.9069
760.503	68.7756
760.461	41.2595
760.419	44.6914
760.377	58.4342
760.335	24.0577
760.293	51.5448
760.251	65.2807
760.209	68.7067
760.167	58.3923
760.125	61.8183
760.083	89.2803
760.041	54.9339
759.999	99.5534
759.957	75.5124
759.915	34.3189
759.873	58.3338
759.83	78.9109
759.788	54.8867
759.746	61.7387
759.704	54.8709
759.662	58.292
759.62	68.569
759.578	65.1312
759.536	61.6944
759.494	51.4047
759.452	85.6621
759.41	54.8159
759.368	44.5315
759.326	47.9502
759.283	51.3678
759.241	61.6325
759.199	71.8943
759.157	119.807
759.115	58.1835
759.073	58.1751
759.031	85.5394
758.989	61.5795
758.947	58.1501
758.905	64.982
758.862	75.2315
758.82	47.8677
758.778	64.954
758.736	58.1084
758.694	54.6824
758.652	58.0918
758.61	54.6668
758.568	78.5722
758.526	99.0551
758.483	54.6432
758.441	71.709
758.399	68.2845
758.357	47.7923
758.315	34.1324
758.273	71.6678
758.231	78.4821
758.189	68.2355
758.146	64.8144
758.104	68.2159
758.062	57.9752
758.02	37.508
757.978	64.7772
757.936	47.7237
757.894	88.6171
757.852	57.9336
757.809	47.7032
757.767	68.1376
757.725	74.9406
757.683	51.0885
757.641	61.2975
757.599	64.6936
757.557	68.0887
757.514	71.4829
757.472	57.8588
757.43	51.0446
757.388	71.4521
757.346	85.0498
757.304	54.4241
757.262	71.4213
757.219	71.4111
757.177	68.0008
757.135	61.1919
757.093	50.9859
757.051	108.754
757.009	67.9617
756.966	84.94
756.924	61.148
756.882	64.5358
756.84	54.3382
756.798	88.2868
756.756	74.6935
756.713	50.9201
756.671	81.4604
756.629	61.0865
756.587	78.0438
756.545	88.2107
756.503	71.2369
756.46	94.9689
756.418	64.4339
756.376	94.9416
756.334	74.5863
756.292	67.7959
756.249	50.8396
756.207	74.5541
756.165	81.3201
756.123	71.1448
756.081	108.396
756.038	81.285
755.996	47.4094
755.954	57.5603
755.912	91.4062
755.87	81.2383
755.827	81.2266
755.785	98.1347
755.743	81.2032
755.701	81.1916
755.659	74.4149
755.616	94.6962
755.574	77.775
755.532	77.7638
755.49	87.8943
755.448	50.701
755.405	74.3507
755.363	57.4446
755.321	84.4651
755.279	74.3186
755.237	64.175
755.194	74.2973
755.152	81.0399
755.11	81.0282
755.068	94.5193
755.025	74.2545
754.983	84.368
754.941	67.4847
754.899	94.465
754.856	94.4514
754.814	104.556
754.772	77.5627
754.73	97.7824
754.688	107.882
754.645	70.7876
754.603	87.6292
754.561	74.1371
754.519	74.1264
754.476	90.9602
754.434	111.158
754.392	80.8303
754.35	77.4512
754.307	70.7061
754.265	77.4289
754.223	74.0517
754.181	107.696
754.138	87.4905
754.096	94.207
754.054	94.1934
754.012	94.1799
753.969	104.256
753.927	84.0649
753.885	84.0528
753.842	87.4024
753.8	84.0286
753.758	90.7379
753.716	84.0044
753.673	77.2729
753.631	73.9026
753.589	110.838
753.547	94.0308
753.504	80.5862
753.462	100.718
753.42	124.201
753.377	90.6203
753.335	104.031
753.293	83.8835
753.251	93.936
753.208	80.505
753.166	97.2628
753.124	93.8954
753.081	77.1172
753.039	83.811
752.997	50.2794
752.955	120.653
752.912	80.4238
752.87	110.567
752.828	93.8007
752.785	93.7872
752.743	60.2831
752.701	83.7144
752.659	103.791
752.616	76.9951
752.574	73.6368
752.532	110.439
752.489	66.9233
752.447	117.099
752.405	90.3204
752.362	83.6179
752.32	93.6386
752.278	96.9688
752.235	90.2683
752.193	86.9125
752.151	80.2154
752.108	76.862
752.066	96.8989
752.024	83.5215
751.982	86.8498
751.939	106.877
751.897	126.898
751.855	90.1512
751.812	113.507
751.77	86.7872
751.728	63.4123
751.685	113.458
751.643	93.4227
751.601	86.7372
751.558	96.7313
751.516	93.3823
751.474	123.38
751.431	73.3506
751.389	83.341
751.347	79.9958
751.304	96.6476
751.262	93.3015
751.219	103.283
751.177	96.6058
751.135	89.9303
751.092	86.5871
751.05	86.5746
751.008	86.5621
750.965	109.851
750.923	96.5221
750.881	99.8361
750.838	73.2026
750.796	116.442
750.754	93.14
750.711	109.756
750.669	83.1367
750.626	89.7747
750.584	93.0862
750.542	66.4805
750.499	93.0593
750.457	119.63
750.415	103
750.372	86.3748
750.33	112.935
750.287	102.956
750.245	86.3374
750.203	96.2855
750.16	89.6321
750.118	79.6615
750.076	116.156
750.033	82.9568
749.991	72.9914
749.948	126.058
749.906	92.8713
749.864	69.6434
749.821	112.74
749.779	122.67
749.736	112.707
749.694	116.005
749.652	106.047
749.609	106.031
749.567	112.642
749.524	109.313
749.482	122.546
749.44	132.463
749.397	129.132
749.355	72.8333
749.312	86.0633
749.27	102.599
749.228	138.985
749.185	72.7912
749.143	135.637
749.1	115.771
749.058	92.6032
749.016	125.658
748.973	132.252
748.931	125.621
748.888	82.6336
748.846	138.804
748.803	112.349
748.761	112.333
748.719	132.137
748.676	105.695
748.634	128.797
748.591	122.174
748.549	112.252
748.506	105.633
748.464	115.52
748.422	128.703
748.379	102.288
748.337	112.171
748.294	151.738
748.252	125.331
748.209	108.824
748.167	108.808
748.124	121.98
748.082	128.555
748.04	145.015
747.997	158.175
747.955	98.8452
747.912	98.8309
747.87	102.111
747.827	98.8023
747.785	105.374
747.742	118.528
747.7	98.7594
747.657	121.786
747.615	102.022
747.573	125.041
747.53	111.863
747.488	115.136
747.445	134.854
747.403	134.834
747.36	115.086
747.318	115.069
747.275	115.053
747.233	124.896
747.19	121.592
747.148	105.145
747.105	121.557
747.063	108.4
747.02	134.659
746.978	118.22
746.935	111.636
746.893	111.62
746.851	118.169
746.808	111.587
746.766	121.416
746.723	121.398
746.681	95.1362
746.638	88.5622
746.596	124.625
746.553	114.77
746.511	108.196
746.468	157.353
746.426	101.609
746.383	147.475
746.341	111.41
746.298	131.051
746.256	108.102
746.213	134.289
746.171	137.544
746.128	124.427
746.086	130.956
746.043	130.937
746.001	104.735
745.958	114.537
745.916	114.52
745.873	127.59
745.83	121.029
745.788	124.282
745.745	120.994
745.703	147.134
745.66	117.69
745.618	143.822
745.575	117.656
745.533	140.513
745.49	153.562
745.448	120.871
745.405	140.452
745.363	124.102
745.32	101.227
745.278	133.861
745.235	150.164
745.193	140.35
745.15	146.857
745.107	94.6271
745.065	153.339
745.022	172.889
744.98	130.463
744.937	136.967
744.895	140.207
744.852	156.488
744.81	140.167
744.767	136.887
744.725	117.315
744.682	159.655
744.639	133.57
744.597	133.55
744.554	130.274
744.512	149.794
744.469	104.189
744.427	123.707
744.384	162.748
744.342	165.979
744.299	130.161
744.256	126.888
744.214	126.87
744.171	107.336
744.129	169.111
744.086	130.066
744.044	126.796
744.001	136.53
743.958	133.26
743.916	123.491
743.873	133.221
743.831	142.948
743.788	129.934
743.746	136.411
743.703	142.886
743.66	139.618
743.618	129.859
743.575	113.61
743.533	126.575
743.49	184.968
743.447	126.539
743.405	152.473
743.362	116.771
743.32	149.186
743.277	129.708
743.234	136.173
743.192	142.637
743.149	200.959
743.107	123.151
743.064	149.056
743.021	116.635
742.979	152.252
742.936	126.318
742.894	145.73
742.851	139.233
742.808	168.351
742.766	158.615
742.723	132.699
742.681	152.097
742.638	158.546
742.595	164.993
742.553	174.673
742.51	145.54
742.468	151.986
742.425	164.897
742.382	122.847
742.34	171.314
742.297	145.434
742.254	148.644
742.212	174.47
742.169	174.445
742.127	142.119
742.084	129.181
742.041	196.972
741.999	177.572
741.956	171.09
741.913	161.382
741.871	141.995
741.828	164.562
741.785	174.216
741.743	145.159
741.7	151.589
741.658	148.342
741.615	167.666
741.572	186.985
741.53	145.054
741.487	157.924
741.444	177.236
741.402	161.1
741.359	164.298
741.316	196.485
741.274	167.471
741.231	164.227
741.188	167.422
741.146	144.864
741.103	209.217
741.06	135.167
741.018	173.761
740.975	173.735
740.932	164.059
740.89	141.521
740.847	173.659
740.804	147.91
740.762	189.684
740.719	167.154
740.676	183.2
740.634	147.824
740.591	202.426
740.548	183.12
740.506	154.184
740.463	167.008
740.42	179.829
740.378	131.641
740.335	182.987
740.292	157.282
740.249	173.306
740.207	176.489
740.164	166.838
740.121	157.19
740.079	186.034
740.036	173.179
739.993	176.361
739.951	176.335
739.908	166.692
739.865	182.694
739.823	157.03
739.78	185.845
739.737	160.188
739.694	192.197
739.652	188.966
739.609	166.522
739.566	195.315
739.524	160.071
739.481	188.856
739.438	124.819
739.395	217.601
739.353	182.374
739.31	182.348
739.267	223.903
739.225	179.096
739.182	163.082
739.139	195.03
739.096	201.395
739.054	175.796
739.011	185.358
738.968	178.94
738.926	182.109
738.883	169.304
738.84	198.025
738.797	201.19
738.755	210.74
738.712	175.591
738.669	217.062
738.626	188.306
738.584	172.323
738.541	169.107
738.498	197.794
738.455	172.247
738.413	181.79
738.37	210.463
738.327	168.983
738.284	194.462
738.242	168.934
738.199	152.975
738.156	207.123
738.113	223.023
738.071	197.506
738.028	191.107
737.985	181.525
737.942	206.972
737.9	187.839
737.857	178.262
737.814	225.978
737.771	219.58
737.729	190.911
737.686	209.972
737.643	197.217
737.6	171.745
737.558	216.24
737.515	187.592
737.472	162.132
737.429	193.895
737.386	165.263
737.344	203.371
737.301	206.519
737.258	196.958
737.215	203.282
737.173	181.022
737.13	222.275
737.087	190.493
737.044	199.989
737.001	244.395
736.959	253.88
736.916	171.344
736.873	225.253
736.83	218.875
736.787	196.642
736.745	190.271
736.702	218.779
736.659	193.385
736.616	244.074
736.574	196.498
736.531	234.496
736.488	202.778
736.445	199.58
736.402	212.221
736.36	237.526
736.317	196.326
736.274	212.128
736.231	202.6
736.188	183.579
736.145	193.046
736.103	237.317
736.06	234.119
736.017	234.085
735.974	202.422
735.931	237.179
735.889	208.687
735.846	208.656
735.803	224.431
735.76	252.842
735.717	227.525
735.674	243.29
735.632	233.777
735.589	230.584
735.546	214.759
735.503	239.99
735.46	205.224
735.417	220.978
735.375	205.164
735.332	205.134
735.289	246.125
735.246	230.314
735.203	214.508
735.16	236.555
735.118	252.288
735.075	214.413
735.032	249.061
734.989	211.198
734.946	220.623
734.903	258.406
734.861	198.502
734.818	220.526
734.775	255.143
734.732	233.059
734.689	217.28
734.646	245.585
734.603	220.364
734.561	176.266
734.518	229.741
734.475	239.148
734.432	245.405
734.389	229.64
734.346	207.59
734.303	223.283
734.26	242.117
734.218	257.801
734.175	232.616
734.132	273.44
734.089	241.975
734.046	245.082
734.003	229.338
733.96	241.869
733.917	216.708
733.875	216.676
733.832	207.225
733.789	251.145
733.746	260.525
733.703	232.241
733.66	263.586
733.617	269.822
733.574	266.646
733.532	266.607
733.489	263.432
733.446	219.494
733.403	203.786
733.36	231.969
733.317	250.74
733.274	253.837
733.231	263.2
733.188	269.427
733.145	225.534
733.103	241.16
733.06	234.862
733.017	231.697
732.974	259.838
732.931	275.45
732.888	231.595
732.845	247.207
732.802	231.527
732.759	225.236
732.716	234.587
732.673	272.081
732.631	234.518
732.588	265.748
732.545	243.827
732.502	250.042
732.459	243.755
732.416	240.595
732.373	243.684
732.33	215.535
732.287	252.982
732.244	271.682
732.201	249.785
732.158	231.018
732.115	284.047
732.073	268.401
732.03	265.241
731.987	271.442
731.944	255.805
731.901	246.41
731.858	265.085
731.815	268.165
731.772	252.537
731.729	255.617
731.686	277.397
731.643	239.96
731.6	258.62
731.557	283.506
731.514	218.049
731.471	277.193
731.428	289.609
731.385	264.658
731.342	339.334
731.3	261.467
731.257	214.745
731.214	308.067
731.171	323.578
731.128	289.311
731.085	292.379
731.042	295.446
730.999	329.607
730.956	286.032
730.913	307.75
730.87	264.191
730.827	264.152
730.784	282.757
730.741	295.142
730.698	248.504
730.655	276.421
730.612	263.958
730.569	232.87
730.526	304.239
730.483	291.778
730.44	294.839
730.397	282.383
730.354	263.726
730.311	279.198
730.268	272.953
730.225	266.711
730.182	291.478
730.139	254.231
730.096	285.192
730.053	294.449
730.01	297.504
729.967	281.968
729.924	300.515
729.881	319.057
729.838	303.524
729.795	291.092
729.752	306.531
729.709	306.486
729.666	278.582
729.623	281.636
729.58	306.35
729.537	309.399
729.494	303.167
729.451	287.657
729.408	290.707
729.365	299.941
729.322	302.988
729.279	302.944
729.236	330.716
729.193	275.041
729.15	342.979
729.107	330.57
729.064	293.454
729.021	330.473
728.978	302.632
728.935	290.237
728.892	293.281
728.849	345.712
728.806	370.351
728.763	302.409
728.72	317.791
728.677	311.575
728.634	336.204
728.591	311.483
728.548	317.604
728.505	348.388
728.462	326.758
728.419	339.039
728.376	335.907
728.333	317.37
728.29	323.485
728.246	298.794
728.203	351.109
728.16	360.295
728.117	332.531
728.074	323.247
728.031	338.59
727.988	301.608
727.945	353.876
727.902	292.289
727.859	326.085
727.816	319.885
727.773	316.763
727.73	316.716
727.687	359.712
727.644	307.401
727.601	356.532
727.558	338.041
727.515	307.265
727.471	350.23
727.428	325.604
727.385	368.554
727.342	365.429
727.299	322.39
727.256	359.182
727.213	322.295
727.17	309.971
727.127	355.954
727.084	377.379
727.041	337.443
726.998	349.662
726.955	361.878
726.911	361.824
726.868	340.31
726.825	327.998
726.782	376.989
726.739	330.966
726.696	312.533
726.653	324.741
726.61	349.198
726.567	358.335
726.524	385.842
726.481	342.92
726.437	339.808
726.394	303.027
726.351	382.554
726.308	327.418
726.265	348.786
726.222	348.735
726.179	330.331
726.136	345.574
726.093	357.753
726.05	379.101
726.006	385.159
725.963	339.257
725.92	336.151
725.877	378.878
725.834	363.547
725.791	381.82
725.748	363.439
725.705	390.868
725.661	372.492
725.618	366.331
725.575	393.748
725.532	357.067
725.489	366.169
725.446	326.452
725.403	350.808
725.36	369.056
725.316	372.052
725.273	399.439
725.23	353.649
725.187	384.08
725.144	380.975
725.101	353.493
725.058	350.393
725.015	392.992
724.971	353.336
724.928	383.739
724.885	441.539
724.842	374.492
724.799	444.453
724.756	413.95
724.713	343.893
724.669	404.699
724.626	383.342
724.583	398.495
724.54	361.938
724.497	395.336
724.454	440.887
724.41	404.34
724.367	395.161
724.324	431.574
724.281	346.423
724.238	413.216
724.195	431.382
724.152	455.618
724.108	346.219
724.065	437.264
724.022	403.802
723.979	415.885
723.936	424.929
723.893	403.623
723.849	409.632
723.806	430.808
723.763	421.644
723.72	433.714
723.677	409.389
723.633	424.489
723.59	433.521
723.547	412.239
723.504	415.209
723.461	409.087
723.418	433.265
723.374	387.76
723.331	445.252
723.288	433.072
723.245	457.232
723.202	432.944
723.158	414.717
723.115	384.389
723.072	487.224
723.029	438.739
722.986	420.522
722.942	432.56
722.899	450.642
722.856	435.455
722.813	447.485
722.77	399.049
722.726	432.239
722.683	450.308
722.64	459.307
722.597	447.154
722.554	428.962
722.51	410.776
722.467	422.795
722.424	452.928
722.381	458.899
722.338	458.831
722.294	446.69
722.251	476.801
722.208	443.541
722.165	419.34
722.121	440.393
722.078	500.646
722.035	473.433
721.992	479.393
721.949	413
721.905	458.151
721.862	424.933
721.819	458.016
721.776	427.82
721.732	503.065
721.689	451.788
721.646	463.767
721.603	466.709
721.559	472.661
721.516	436.469
721.473	490.579
721.43	433.331
721.386	475.39
721.343	463.286
721.3	487.28
721.257	454.126
721.214	508.185
721.17	472.031
721.127	453.924
721.084	495.936
721.04	489.852
720.997	477.76
720.954	504.728
720.911	504.653
720.867	510.585
720.824	528.528
720.781	462.393
720.738	477.335
720.694	549.304
720.651	495.201
720.608	501.129
720.565	498.054
720.521	497.98
720.478	500.905
720.435	512.827
720.392	500.757
720.348	488.69
720.305	467.634
720.262	470.562
720.218	527.43
720.175	506.378
720.132	536.261
720.089	485.259
720.045	557.067
720.002	497.093
719.959	461.09
719.916	505.927
719.872	517.824
719.829	535.704
719.786	502.709
719.742	544.52
719.699	541.448
719.656	580.25
719.612	517.363
719.569	559.147
719.526	559.064
719.483	526.1
719.439	481.19
719.396	609.617
719.353	561.72
719.309	573.586
719.266	492.852
719.223	534.591
719.179	561.386
719.136	528.461
719.093	546.293
719.05	576.06
719.006	602.833
718.963	522.179
718.92	587.737
718.876	554.836
718.833	518.963
718.79	557.653
718.746	578.442
718.703	536.619
718.66	584.232
718.616	566.263
718.573	584.058
718.53	542.259
718.486	518.346
718.443	571.883
718.4	547.973
718.356	580.646
718.313	583.537
718.27	592.38
718.226	580.387
718.183	583.276
718.14	553.435
718.096	615.828
718.053	630.609
718.01	594.826
717.966	582.843
717.923	541.13
717.88	606.452
717.836	573.665
717.793	600.327
717.75	585.38
717.706	609.062
717.663	597.089
717.62	585.119
717.576	605.82
717.533	567.129
717.49	567.045
717.446	617.423
717.403	599.523
717.36	522.279
717.316	626.048
717.273	608.155
717.23	613.997
717.186	560.523
717.143	616.78
717.099	628.547
717.056	646.24
717.013	595.756
716.969	672.719
716.926	619.284
716.883	592.528
716.839	616.137
716.796	598.274
716.752	651.489
716.709	639.548
716.666	651.295
716.622	660.078
716.579	624.465
716.536	645.086
716.492	603.568
716.449	671.517
716.405	665.502
716.362	656.53
716.319	626.864
716.275	629.727
716.232	623.721
716.189	597.027
716.145	617.624
716.102	652.989
716.058	652.891
716.015	717.778
715.972	640.883
715.928	670.317
715.885	696.79
715.841	708.494
715.798	681.824
715.755	666.966
715.711	693.423
715.668	675.618
715.624	687.317
715.581	687.214
715.538	651.724
715.494	701.752
715.451	698.699
715.407	648.485
715.364	636.599
715.32	692.493
715.277	692.39
715.234	683.449
715.19	721.637
715.147	706.805
715.103	662.531
715.06	685.985
715.017	694.713
714.973	671.064
714.93	756.305
714.886	685.575
714.843	700.183
714.799	714.786
714.756	694.092
714.713	714.572
714.669	732.107
714.626	729.058
714.582	673.102
714.539	684.757
714.495	705.224
714.452	713.932
714.409	699.138
714.365	731.342
714.322	678.372
714.278	716.442
714.235	754.501
714.191	701.551
714.148	739.601
714.104	774.704
714.061	739.38
714.018	748.07
713.974	759.691
713.931	747.846
713.887	724.276
713.844	759.35
713.8	683.02
713.757	762.054
713.713	720.913
713.67	738.386
713.626	758.783
713.583	752.811
713.54	767.343
713.496	755.515
713.453	720.267
713.409	746.506
713.366	749.322
713.322	781.402
713.279	731.541
713.235	757.763
713.192	781.052
713.148	792.635
713.105	777.894
713.061	766.082
713.018	795.203
712.974	774.622
712.931	774.506
712.887	821.146
712.844	771.353
712.8	809.215
712.757	794.489
712.713	773.927
712.67	791.331
712.627	802.892
712.583	855.316
712.54	820.164
712.496	773.348
712.453	828.672
712.409	808.126
712.366	808.005
712.322	816.634
712.279	755.273
712.235	830.968
712.192	819.182
712.148	789.912
712.105	853.91
712.061	821.728
712.018	818.692
711.974	812.743
711.931	847.573
711.887	832.885
711.844	806.555
711.8	751.119
711.757	832.511
711.713	858.58
711.669	890.462
711.626	840.866
711.582	788.376
711.539	866.792
711.495	837.58
711.452	866.533
711.408	886.755
711.365	854.645
711.321	822.546
711.278	866.014
711.234	831.016
711.191	877.375
711.147	816.243
711.104	874.208
711.06	929.251
711.017	879.753
710.973	897.039
710.93	862.073
710.886	911.281
710.842	943.064
710.799	858.785
710.755	847.052
710.712	928.137
710.668	942.498
710.625	826.375
710.581	916.124
710.538	950.771
710.494	881.07
710.451	883.836
710.407	935.856
710.364	903.849
710.32	999.299
710.276	874.617
710.233	891.86
710.189	935.155
710.146	880.013
710.102	911.719
710.059	1021.55
710.015	891.191
709.972	948.919
709.928	890.924
709.884	957.31
709.841	977.409
709.797	904.98
709.754	953.989
709.71	950.955
709.667	950.812
709.623	930.443
709.579	990.975
709.536	950.384
709.492	950.242
709.449	926.996
709.405	1007.7
709.362	932.492
709.318	955.444
709.274	940.871
709.231	1027.3
709.187	1044.46
709.144	931.792
709.1	1058.56
709.056	925.745
709.013	1020.76
708.969	1035.02
708.926	1069.46
708.882	1017.42
708.839	988.449
708.795	965.25
708.751	936.296
708.708	1025.45
708.664	1016.66
708.621	1013.62
708.577	1065.3
708.533	975.895
708.49	1070.73
708.446	1036.04
708.403	992.72
708.359	989.694
708.315	1029.82
708.272	1078.56
708.228	1124.41
708.185	1075.36
708.141	1032.07
708.097	1029.04
708.054	1063.38
708.01	1077.58
707.966	1042.95
707.923	999.698
707.879	1042.63
707.836	1053.96
707.792	1114.1
707.748	1111.06
707.705	1085.06
707.661	1093.51
707.617	1070.39
707.574	1127.61
707.53	1161.87
707.487	1104.33
707.443	1041.07
707.399	1138.4
707.356	1098.09
707.312	1138.06
707.268	1063.37
707.225	1114.79
707.181	1160.47
707.138	1134.51
707.094	1125.75
707.05	1114.12
707.007	1125.41
706.963	1193.96
706.919	1113.62
706.876	1136.35
706.832	1176.25
706.788	1198.96
706.745	1118.67
706.701	1092.76
706.657	1169.82
706.614	1123.89
706.57	1120.86
706.526	1189.3
706.483	1149.1
706.439	1263.25
706.396	1180.19
706.352	1197.16
706.308	1108.42
706.265	1216.79
706.221	1182.34
706.177	1279.24
706.134	1244.79
706.09	1193.22
706.046	1235.85
706.003	1252.79
705.959	1218.36
705.915	1215.33
705.872	1275.04
705.828	1229.22
705.784	1246.14
705.741	1237.4
705.697	1251.47
705.653	1214.23
705.609	1242.54
705.566	1185.37
705.522	1222.23
705.478	1264.77
705.435	1261.73
705.391	1272.93
705.347	1247.11
705.304	1289.63
705.26	1243.89
705.216	1223.78
705.173	1223.6
705.129	1274.63
705.085	1282.97
705.042	1345.35
704.998	1342.3
704.954	1271.01
704.91	1310.62
704.867	1333.17
704.823	1219.28
704.779	1278.77
704.736	1352.45
704.692	1352.25
704.648	1363.41
704.605	1243.92
704.561	1323.24
704.517	1306.01
704.473	1334.2
704.43	1353.86
704.386	1350.82
704.342	1378.99
704.299	1350.41
704.255	1330.35
704.211	1364.19
704.167	1361.15
704.124	1377.95
704.08	1318.21
704.036	1371.87
703.993	1363.16
703.949	1323.28
703.905	1331.58
703.861	1461.69
703.818	1351.01
703.774	1410.27
703.73	1500.67
703.686	1469.3
703.643	1412.46
703.599	1395.27
703.555	1437.5
703.512	1380.7
703.468	1471.02
703.424	1442.51
703.38	1365.94
703.337	1360.07
703.293	1495.57
703.249	1430.33
703.205	1435.77
703.162	1446.86
703.118	1426.86
703.074	1519.87
703.03	1449.02
702.987	1462.93
702.943	1490.94
702.899	1462.48
702.855	1450.97
702.812	1552.36
702.768	1521.08
702.724	1515.21
702.68	1433.17
702.637	1447.05
702.593	1494.78
702.549	1548.13
702.505	1528.16
702.462	1480.01
702.418	1479.79
702.374	1490.83
702.33	1507.52
702.286	1515.74
702.243	1495.79
702.199	1549.08
702.155	1478.44
702.111	1579.58
702.068	1590.6
702.024	1534.07
701.98	1584.5
701.936	1547.67
701.892	1572.76
701.849	1656.92
701.805	1580.72
701.761	1605.79
701.717	1563.37
701.674	1616.55
701.63	1560.09
701.586	1655.41
701.542	1579.29
701.498	1688.63
701.455	1660.28
701.411	1612.28
701.367	1676.63
701.323	1670.76
701.279	1546.97
701.236	1681.48
701.192	1633.51
701.148	1666.94
701.104	1770.51
701.06	1638.38
701.017	1612.89
700.973	1705.2
700.929	1609.6
700.885	1727.11
700.841	1771.7
700.798	1625.68
700.754	1827.21
700.71	1675.63
700.666	1622.14
700.622	1658.31
700.579	1700.07
700.535	1744.62
700.491	1766.76
700.447	1626.51
700.403	1743.83
700.36	1707.18
700.316	1788.07
700.272	1801.79
700.228	1896.63
700.184	1678.18
700.14	1806.56
700.097	1842.64
700.053	1660.64
700.009	1774.99
699.965	1743.98
699.921	1816.37
699.877	1796.54
699.834	1829.79
699.79	1846.27
699.746	1843.2
699.702	1803.83
699.658	1811.93
699.614	1761.41
699.571	1833.71
699.527	1911.57
699.483	1847.1
699.439	1860.77
699.395	1807.49
699.351	1862.99
699.308	1918.48
699.264	1898.67
699.22	1831.48
699.176	1842.35
699.132	1856.01
699.088	1891.95
699.044	1966.88
699.001	1888.59
698.957	1996.92
698.913	1974.34
698.869	1871.02
698.825	2034.99
698.781	1898.29
698.737	1989.84
698.694	1886.58
698.65	2017.06
698.606	2000.06
698.562	1996.98
698.518	1996.67
698.474	1946.32
698.43	1998.85
698.386	1948.51
698.343	2039.93
698.299	2078.52
698.255	2011.53
698.211	1986.22
698.167	1980.36
698.123	1999.5
698.079	2049.18
698.035	2084.96
697.992	2051.33
697.948	2117.63
697.904	2158.93
697.86	2075.37
697.816	2091.7
697.772	2066.42
697.728	2046.69
697.684	2107.38
697.641	2145.88
697.597	2126.14
697.553	2147.99
697.509	2155.98
697.465	2078.07
697.421	2041.74
697.377	2177.16
697.333	2110.36
697.289	2242.95
697.245	2076.49
697.202	2167.53
697.158	2269.61
697.114	2258.19
697.07	2169.31
697.026	2171.75
696.982	2196.31
696.938	2229.16
696.894	2314.55
696.85	2269.96
696.806	2172.86
696.762	2200.17
696.719	2255.11
696.675	2285.16
696.631	2218.5
696.587	2339.71
696.543	2140.5
696.499	2339
696.455	2346.93
696.411	2382.46
696.367	2285.49
696.323	2348.61
696.279	2334.46
696.235	2265.13
696.191	2292.37
696.148	2308.57
696.104	2355.1
696.06	2338.2
696.016	2467.42
695.972	2331.97
695.928	2342.64
695.884	2361.58
695.84	2408.05
695.796	2457.27
695.752	2440.37
695.708	2420.72
695.664	2461.66
695.62	2362.17
695.576	2397.6
695.532	2518.33
695.488	2498.69
695.445	2498.3
695.401	2481.42
695.357	2500.29
695.313	2461.41
695.269	2521.53
695.225	2468.91
695.181	2542.75
695.137	2616.58
695.093	2473.28
695.049	2618.53
695.005	2491.75
694.961	2551.8
694.917	2573.39
694.873	2562.01
694.829	2649.48
694.785	2671.04
694.741	2566.33
694.697	2519.28
694.653	2785.06
694.609	2628.26
694.565	2512.65
694.521	2600.03
694.477	2703.84
694.433	2686.97
694.389	2623.51
694.345	2699.86
694.302	2713.15
694.258	2773.02
694.214	2731.5
694.17	2731.08
694.126	2796.4
694.082	2771.33
694.038	2664.12
693.994	2838.92
693.95	2805.64
693.906	2802.48
693.862	2818.47
693.818	2752.38
693.774	2776.58
693.73	2855.47
693.686	2855.03
693.642	2827.26
693.598	2832.29
693.554	2768.99
693.51	2817.76
693.466	2959.43
693.422	2825.1
693.378	2903.89
693.334	2949.88
693.29	2933.04
693.246	2951.71
693.202	2850.24
693.158	2893.48
693.114	2991.3
693.07	3119.1
693.026	3006.75
692.982	2968.1
692.938	3052.2
692.894	3087.19
692.85	3045.82
692.806	2979.92
692.762	3110.31
692.718	3123.46
692.674	3122.99
692.63	3141.58
692.586	3081.17
692.542	3143.35
692.497	3270.87
692.453	3207.74
692.409	3101.07
692.365	3190.42
692.321	3317.86
692.277	3265.65
692.233	3169.92
692.189	3128.62
692.145	3187.99
692.101	3350.68
692.057	3290.35
692.013	3298
691.969	3300.21
691.925	3332.33
691.881	3402.47
691.837	3249.79
691.793	3341.66
691.749	3330.29
691.705	3362.37
691.661	3299.4
691.617	3339.62
691.573	3347.25
691.529	3479.74
691.485	3430.36
691.441	3432.55
691.397	3347.92
691.352	3404.37
691.308	3452.67
691.264	3395.2
691.22	3546.51
691.176	3513.44
691.132	3377.37
691.088	3450.03
691.044	3430.54
691	3592.57
690.956	3521.59
690.912	3464.17
690.868	3525.93
690.824	3606.62
690.78	3706.23
690.736	3724.61
690.692	3548.13
690.647	3636.88
690.603	3741.84
690.559	3638.47
690.515	3694.71
690.471	3640.06
690.427	3650.32
690.383	3720.05
690.339	3687.05
690.295	3827.02
690.251	3831.84
690.207	3742.09
690.163	3757.73
690.119	3808.47
690.074	3802.49
690.03	3845.11
689.986	3763.52
689.942	3854.73
689.898	3943.2
689.854	3842.75
689.81	3879.94
689.766	3954.88
689.722	3951.57
689.678	3996.82
689.634	3904.52
689.589	4052.21
689.545	3935.67
689.501	3891.95
689.457	4015.31
689.413	4052.42
689.369	4019.47
689.325	4137.37
689.281	4160.98
689.237	4119.95
689.193	4148.93
689.148	4140.22
689.104	4005.01
689.06	4068.98
689.016	4097.95
688.972	4237.22
688.928	4215.05
688.884	4222.47
688.84	4162.66
688.795	4242.69
688.751	4414.08
688.707	4176.88
688.663	4324.04
688.619	4318
688.575	4107.79
688.531	4322.05
688.487	4340.19
688.443	4283.13
688.398	4395.24
688.354	4311.35
688.31	4350.95
688.266	4505.93
688.222	4397.91
688.178	4383.82
688.134	4458.25
688.089	4588.99
688.045	4617.78
688.001	4544.68
687.957	4616.37
687.913	4497.72
687.869	4609.59
687.825	4646.39
687.78	4578.7
687.736	4599.43
687.692	4625.51
687.648	4729.23
687.604	4744.57
687.56	4738.49
687.516	4678.87
687.471	4750.42
687.427	4803.2
687.383	4813.17
687.339	4865.93
687.295	4750.17
687.251	4789.55
687.207	5034.81
687.162	4796.1
687.118	4808.73
687.074	4957.66
687.03	4954.22
686.986	5036.28
686.942	4936.67
686.897	5021.38
686.853	4943.16
686.809	5014.5
686.765	5077.8
686.721	5026.3
686.677	5073.57
686.632	5160.85
686.588	5138.71
686.544	5129.92
686.5	5211.81
686.456	5312.35
686.411	5212.88
686.367	5294.72
686.323	5219.27
686.279	5218.47
686.235	5292.28
686.191	5358.07
686.146	5311.96
686.102	5252.54
686.058	5376.9
686.014	5442.65
685.97	5511.03
685.925	5510.18
685.881	5578.53
685.837	5625.57
685.793	5558.19
685.749	5618.52
685.704	5641.59
685.66	5632.75
685.616	5639.86
685.572	5745.33
685.528	5739.13
685.483	5722.3
685.439	5795.83
685.395	5717.88
685.351	5778.1
685.307	5825.03
685.262	5808.19
685.218	5902.89
685.174	5832.95
685.13	5869.22
685.086	5979.79
685.041	5795.76
684.997	5927.53
684.953	5926.62
684.909	5992.02
684.865	6057.4
684.82	5984.87
684.776	6172.19
684.732	6094.36
684.688	6045.71
684.643	6092.48
684.599	6274.37
684.555	6103.85
684.511	6227.41
684.467	6152.29
684.422	6214.89
684.378	6539.59
684.334	6226.21
684.29	6344.36
684.245	6462.47
684.201	6392.68
684.157	6299.1
684.113	6401.29
684.068	6447.9
684.024	6671.68
683.98	6517.3
683.936	6511.01
683.891	6525.86
683.847	6479.93
683.803	6711.45
683.759	6779.11
683.715	6632.78
683.67	6689.86
683.626	6686.19
683.582	6925.42
683.538	6921.71
683.493	6881.05
683.449	6974.99
683.405	6894.76
683.361	6888.42
683.316	6992.87
683.272	6859.92
683.228	7072.46
683.183	6971.17
683.139	7051.82
683.095	7119.26
683.051	6928.41
683.006	7001.12
682.962	7216.08
682.918	7262.38
682.874	7340.27
682.829	7181.13
682.785	7327.47
682.741	7260.52
682.697	7343.63
682.652	7429.34
682.608	7259.79
682.564	7471.77
682.519	7615.29
682.475	7319.55
682.431	7581.39
682.387	7593.36
682.342	7647.39
682.298	7730.32
682.254	7624.01
682.21	7696.4
682.165	7687.33
682.121	7725.54
682.077	7716.47
682.032	7880.72
681.988	8013.41
681.944	7825.78
681.9	8092.3
681.855	7799.74
681.811	7948.1
681.767	7807.82
681.722	8173.86
681.678	8206.69
681.634	8121.51
681.589	8002.26
681.545	8215.99
681.501	8285.49
681.457	8265.87
681.412	8259.35
681.368	8242.35
681.324	8390.39
681.279	8402.18
681.235	8348.51
681.191	8543.59
681.146	8633.9
681.102	8629.94
681.058	8586.74
681.013	8705.77
680.969	8599.78
680.925	8721.39
680.881	8644.19
680.836	8692.54
680.792	8848.08
680.748	8927.75
680.703	8949.89
680.659	9066.11
680.615	9195.36
680.57	9159.97
680.526	9320.51
680.482	9405.26
680.437	9019.92
680.393	9154.3
680.349	9147.66
680.304	9240.21
680.26	9215.29
680.216	9451.32
680.171	9262.01
680.127	9458.83
680.083	9399.98
680.038	9338.55
679.994	9477.9
679.95	9645.89
679.905	9628.75
679.861	9614.23
679.817	9581.47
679.772	9663.36
679.728	9724.38
679.684	9787.98
679.639	9890.63
679.595	9894.31
679.551	9799.05
679.506	9982.34
679.462	10084.9
679.417	10236.9
679.373	10318.5
679.329	10090.6
679.284	10245.1
679.24	10311.1
679.196	10267.9
679.151	10414.5
679.107	10574.1
679.063	10460.7
679.018	10578.6
678.974	10756.2
678.93	10689.6
678.885	10880.1
678.841	10925.2
678.796	10749.5
678.752	10766
678.708	10883.8
678.663	11043
678.619	11038.7
678.575	11164.1
678.53	10934.1
678.486	11290.3
678.441	11213.4
678.397	11317.9
678.353	11528.8
678.308	11415.5
678.264	11468.2
678.22	11580.4
678.175	11547.5
678.131	11574.2
678.086	11440.3
678.042	11946.1
677.998	11861.4
677.953	11807.8
677.909	11930.2
677.865	11912.8
677.82	12237
677.776	11929.8
677.731	12119.4
677.687	12365.8
677.643	12177.7
677.598	12385.2
677.554	12388.5
677.509	12262.5
677.465	12513.8
677.421	12602.3
677.376	12677.9
677.332	12593.3
677.287	12810.8
677.243	12770.1
677.199	12959.2
677.154	12825.5
677.11	13107.5
677.065	12891.2
677.021	13103.4
676.976	13111.7
676.932	13205.1
676.888	13368.1
676.843	13198.4
676.799	13467.1
676.754	13349
676.71	13439.7
676.666	13625.7
676.621	13690.6
676.577	13804.4
676.532	13627.1
676.488	13823.3
676.443	13973.1
676.399	14084.2
676.355	14228.8
676.31	14056.7
676.266	14229.5
676.221	14345.6
676.177	14322.8
676.132	14549.5
676.088	14380.1
676.044	14506.4
675.999	14540.2
675.955	14692.2
675.91	14779.8
675.866	14852.1
675.821	14896
675.777	14960.5
675.733	15173.9
675.688	15161.3
675.644	15002.3
675.599	15172
675.555	15105.4
675.51	15395.7
675.466	15362.5
675.421	15219
675.377	15460.3
675.333	15434.9
675.288	15519.7
675.244	15837.8
675.199	15932.8
675.155	16063.6
675.11	16043.1
675.066	16084.2
675.021	16337.9
674.977	16268.8
674.932	16489.1
674.888	16345.7
674.843	16509.6
674.799	16412.3
674.755	16399.5
674.71	16688.7
674.666	16755.2
674.621	16967.5
674.577	16793.5
674.532	17067.1
674.488	17210.2
674.443	16972.3
674.399	17158.8
674.354	17304.4
674.31	17046.1
674.265	17615.9
674.221	17597.9
674.176	17814.8
674.132	17546.4
674.087	17786.3
674.043	17883.1
673.998	17732.2
673.954	17852
673.91	18145.3
673.865	17951.1
673.821	18114.1
673.776	18333.3
673.732	18506.4
673.687	18503.5
673.643	18602.6
673.598	18752.7
673.554	18831.4
673.509	18994.1
673.465	18937.6
673.42	19304.1
673.376	19102.4
673.331	19170.7
673.287	19002.2
673.242	19562
673.198	19604.8
673.153	19609.3
673.109	19957.5
673.064	19710.1
673.02	19969.1
672.975	19912.6
672.931	20095.1
672.886	20092
672.842	20480.5
672.797	20240.8
672.753	20471.5
672.708	20707.2
672.663	20546.4
672.619	21015.8
672.574	21162.5
672.53	20978.8
672.485	21036.5
672.441	21254.1
672.396	21327
672.352	21557.2
672.307	21183.2
672.263	21492.1
672.218	21405
672.174	21840.5
672.129	21588.5
672.085	22069.5
672.04	22078.8
671.996	22169.1
671.951	22474.9
671.907	22413.1
671.862	22412.1
671.818	22558.1
671.773	22688.9
671.728	22931
671.684	22897
671.639	22847.9
671.595	22955.7
671.55	23152.1
671.506	23252.2
671.461	23375.1
671.417	23525.8
671.372	23625.9
671.328	23741
671.283	23841
671.238	24039.6
671.194	24233
671.149	24363.2
671.105	24293.7
671.06	24744.7
671.016	24409.9
670.971	24714.2
670.927	24531
670.882	24863.1
670.837	24631.9
670.793	25218.8
670.748	24959.9
670.704	25233.7
670.659	25575.4
670.615	25725.3
670.57	25726.3
670.526	25861
670.481	25935.2
670.436	25941.2
670.392	25957.3
670.347	25827.2
670.303	26496.1
670.258	26318
670.214	26732.2
670.169	26665
670.124	26555
670.08	26800.2
670.035	26926.9
669.991	26985.6
669.946	27283.5
669.901	27299.3
669.857	27657.4
669.812	27489.5
669.768	27606
669.723	27873.3
669.679	28017.3
669.634	28209
669.589	28151.8
669.545	28403.8
669.5	28557.6
669.456	28480.3
669.411	28430.6
669.366	28697.4
669.322	29027
669.277	28819
669.233	29188.6
669.188	29307
669.143	29249.7
669.099	29609
669.054	29586.8
669.01	29557.1
668.965	29582.6
668.92	30072
668.876	30175.1
668.831	30167.9
668.787	30423.9
668.742	30704.8
668.697	30817.8
668.653	30883.1
668.608	30808.1
668.564	30873.4
668.519	31154.1
668.474	31136.7
668.43	31292
668.385	30941.7
668.34	31287.2
668.296	31978
668.251	31405
668.207	31912.9
668.162	32305.6
668.117	31745.3
668.073	32255.5
668.028	32335.4
667.984	32185.4
667.939	32380.3
667.894	33054.9
667.85	32814.8
667.805	32949.6
667.76	32964.4
667.716	33226.4
667.671	33133.8
667.626	33251
667.582	33482.9
667.537	33475.1
667.493	33532.2
667.448	34080.9
667.403	33796.1
667.359	34120.1
667.314	34266.8
667.269	34239
667.225	34066.6
667.18	34532.3
667.135	34629.1
667.091	34793.1
667.046	34603.3
667.001	34572.9
666.957	35083.1
666.912	35289.2
666.868	35629.8
666.823	35238.3
666.778	35272.6
666.734	35331.7
666.689	35403.3
666.644	35601.8
666.6	35822.5
666.555	35473.7
666.51	35801.3
666.466	36168.7
666.421	36195.3
666.376	36080.2
666.332	36904.6
666.287	36270.1
666.242	36493
666.198	36733.2
666.153	36878.9
666.108	37094.1
666.064	37339.1
666.019	36829.2
665.974	37257.8
665.93	37229.6
665.885	37318
665.84	37436.2
665.796	37556.8
665.751	37898.1
665.706	37473.1
665.662	37695.3
665.617	37530.7
665.572	37418.2
665.527	37761.7
665.483	37736
665.438	38235.4
665.393	38231.9
665.349	38022.8
665.304	38378.3
665.259	38317.8
665.215	38128.6
665.17	38644.8
665.125	38480.3
665.081	38709.3
665.036	38349.4
664.991	38306.3
664.946	38458.5
664.902	38534.1
664.857	38765.4
664.812	39097.9
664.768	38753.1
664.723	39515.6
664.678	38815
664.634	39253.6
664.589	39274.6
664.544	39463.5
664.499	39622.7
664.455	39196.7
664.41	39291.8
664.365	39369.5
664.321	39410.2
664.276	39246
664.231	39375.5
664.186	39608.6
664.142	39363.1
664.097	39739.1
664.052	39476.4
664.008	39867
663.963	39574.8
663.918	39689.3
663.873	39902.4
663.829	39997.1
663.784	39916.9
663.739	39804.7
663.695	39879.6
663.65	40077.7
663.605	39840
663.56	40281.6
663.516	40240.8
663.471	39535.7
663.426	39900.9
663.381	39729.8
663.337	39863.7
663.292	39687.7
663.247	39919.9
663.202	39955.4
663.158	40099
663.113	39915.8
663.068	39658.8
663.024	40188.1
662.979	40125.2
662.934	39789.8
662.889	39840
662.845	39804.3
662.8	39854.4
662.755	39845.7
662.71	39660.2
662.666	39749.7
662.621	39630.5
662.576	39832.7
662.531	39581.2
662.487	40129.1
662.442	39686.4
662.397	39795.3
662.352	39710.6
662.308	39618.5
662.263	39644.1
662.218	39826.5
662.173	39335.2
662.128	39505.3
662.084	39494.2
662.039	39181.9
661.994	39535.5
661.949	39230.7
661.905	39087.5
661.86	39379.8
661.815	39312.4
661.77	38763.2
661.726	39155.7
661.681	38924.5
661.636	38967.3
661.591	38961.1
661.546	39062.4
661.502	38821.7
661.457	39206.4
661.412	38506.5
661.367	38888.7
661.323	38560.3
661.278	38539.5
661.233	38301.5
661.188	38578.6
661.143	38179.6
661.099	38207.7
661.054	37901.6
661.009	38161.4
660.964	38016.4
660.919	37878.7
660.875	37733.7
660.83	38100.7
660.785	37385.4
660.74	37603.7
660.696	37390.6
660.651	37769.6
660.606	37388.5
660.561	37073.3
660.516	36926.2
660.472	36830.3
660.427	37206.6
660.382	37227.5
660.337	36810.4
660.292	36841
660.248	36122.5
660.203	36355.1
660.158	36252
660.113	35699.3
660.068	36002.3
660.023	36195.9
659.979	36124.6
659.934	35931.7
659.889	35719.5
659.844	35866.9
659.799	35397.3
659.755	35632.1
659.71	35609.5
659.665	35247
659.62	35144.3
659.575	34791.7
659.53	35040.9
659.486	34923.8
659.441	34763
659.396	34793.9
659.351	34342.2
659.306	34137.9
659.262	34028.3
659.217	34100.4
659.172	34104.7
659.127	33978.2
659.082	33834.7
659.037	33374
658.993	33174.9
658.948	33603.1
658.903	33094.2
658.858	33495.6
658.813	33013.5
658.768	32889.7
658.724	32550.6
658.679	32893.7
658.634	32637
658.589	32235.2
658.544	32167.2
658.499	32133.1
658.454	31777.5
658.41	31859.4
658.365	31472.6
658.32	31612.6
658.275	31501.2
658.23	31365.8
658.185	31281.1
658.14	30914
658.096	30814.9
658.051	30554.2
658.006	30764.1
657.961	30595.2
657.916	30380.4
657.871	30040.3
657.826	29729.2
657.782	29784.8
657.737	29905.4
657.692	29948.9
657.647	29375.3
657.602	29406.8
657.557	29353.9
657.512	29260.1
657.468	28956.8
657.423	29026.8
657.378	28788.6
657.333	28788.9
657.288	28786.7
657.243	28483.7
657.198	28459.9
657.153	27942.9
657.109	28152.5
657.064	27883.5
657.019	27939.2
656.974	27350.5
656.929	27235.5
656.884	27377.8
656.839	26751
656.794	27145.6
656.75	26785.7
656.705	26745.4
656.66	26647.5
656.615	26650.4
656.57	26262
656.525	26063.4
656.48	26116.9
656.435	26254.3
656.39	25443.9
656.346	25641.4
656.301	25260.7
656.256	25393.4
656.211	25279
656.166	25088
656.121	24988.1
656.076	24581.4
656.031	24805.2
655.986	24791.6
655.941	24210.3
655.897	24235.2
655.852	24049.4
655.807	24426.2
655.762	23910
655.717	23800.9
655.672	23483.5
655.627	23582.7
655.582	23511.9
655.537	23336
655.492	23100.2
655.447	23134.8
655.403	22837
655.358	22881.2
655.313	22550.1
655.268	22434.1
655.223	22509.4
655.178	22407.9
655.133	22172.6
655.088	22042.5
655.043	21747.6
654.998	21770.4
654.953	21442.3
654.908	21675.1
654.863	21251.7
654.819	21424.8
654.774	21116
654.729	20971.9
654.684	20940
654.639	20967.6
654.594	20907.1
654.549	20539
654.504	20631.1
654.459	20024.8
654.414	20195.6
654.369	20111.4
654.324	19905.7
654.279	19864.4
654.234	19787.4
654.189	19770
654.144	19578.8
654.1	19423.3
654.055	19529.7
654.01	18886.5
653.965	19050
653.92	19058.9
653.875	18703.9
653.83	18639.1
653.785	18510.1
653.74	18419.2
653.695	18430.5
653.65	18247
653.605	17977.9
653.56	18115.2
653.515	17889.1
653.47	18002.6
653.425	17752.8
653.38	17287
653.335	17469.4
653.29	17594.7
653.245	17247.9
653.2	17468.1
653.155	17078.7
653.11	16933.6
653.066	16888.3
653.021	16833.4
652.976	16432.4
652.931	16448.8
652.886	16586
652.841	16474.3
652.796	16424.3
652.751	16184.8
652.706	15997.5
652.661	15841
652.616	15507
652.571	15755.5
652.526	15639.3
652.481	15743.3
652.436	15473.5
652.391	15468.6
652.346	15149.2
652.301	15234.3
652.256	15319.3
652.211	15042.6
652.166	14997.7
652.121	14829.8
652.076	14808.6
652.031	14744.8
651.986	14629
651.941	14433
651.896	14631.4
651.851	14208.8
651.806	14187.6
651.761	14223.1
651.716	14171.3
651.671	14036.9
651.626	13935.6
651.581	13768.2
651.536	13499.5
651.491	13459.6
651.446	13690.9
651.401	13375.1
651.356	13349.4
651.311	13333.2
651.266	13323.9
651.221	13053.3
651.176	13055.9
651.131	12867.7
651.086	12952.8
651.041	12585.8
650.996	12800.3
650.951	12723
650.906	12631.5
650.861	12309.5
650.816	12467.5
650.771	12383.2
650.726	12061.4
650.681	12181.7
650.636	12186.8
650.591	12048.5
650.546	11971.4
650.501	11877.8
650.456	11925.3
650.411	11761.3
650.366	11799.3
650.321	11705.8
650.276	11530.2
650.231	11608.2
650.186	11289.5
650.14	11538.7
650.095	11253
650.05	11197.2
650.005	11021.8
649.96	10991.9
649.915	10926.9
649.87	10948.5
649.825	10646.8
649.78	10701.3
649.735	10746.4
649.69	10571.3
649.645	10586
649.6	10556.2
649.555	10460.9
649.51	10213.3
649.465	10258.5
649.42	10088.3
649.375	9990.75
649.33	10216.1
649.285	10200.4
649.24	9873.66
649.195	9986.67
649.15	9807.35
649.104	9782.39
649.059	9848.61
649.014	9779.24
648.969	9728.6
648.924	9670.95
648.879	9667.06
648.834	9497.33
648.789	9586.89
648.744	9319.15
648.699	9263.95
648.654	9278.8
648.609	9270.31
648.564	9079.8
648.519	9097.01
648.474	8992.9
648.429	8765.21
648.383	8945.7
648.338	8974.57
648.293	8702.7
648.248	8750.24
648.203	8709.22
648.158	8691.5
648.113	8622.54
648.068	8509.34
648.023	8310
647.978	8499.62
647.933	8533.17
647.888	8264.09
647.843	8230.17
647.797	8238.15
647.752	8122.82
647.707	8205.26
647.662	8194.63
647.617	8028.19
647.572	8043.17
647.527	7972.13
647.482	7908.09
647.437	7971.89
647.392	7719.63
647.347	7762.54
647.301	7545.24
647.256	7653.19
647.211	7617.12
647.166	7543.92
647.121	7505.56
647.076	7337.22
647.031	7510.1
646.986	7441.6
646.941	7384.72
646.896	7381.21
646.85	7199.11
646.805	7084.32
646.76	7180.56
646.715	7258.22
646.67	7060.04
646.625	7128.42
646.58	6990.56
646.535	6855.07
646.49	6937.35
646.444	6915.39
646.399	6837.86
646.354	6755.72
646.309	6784.73
646.264	6864.64
646.219	6676.09
646.174	6695.84
646.129	6599.91
646.084	6594.22
646.038	6724.97
645.993	6582.84
645.948	6491.62
645.903	6499.82
645.858	6542.68
645.813	6486.16
645.768	6311.84
645.722	6257.69
645.677	6492.26
645.632	6225.65
645.587	6125.37
645.542	6175.17
645.497	6241.1
645.452	6198.56
645.407	6077.57
645.361	6041.99
645.316	6045.62
645.271	5991.6
645.226	5900.71
645.181	5837.51
645.136	5868.83
645.091	5987.73
645.045	5864.63
645	5833.73
644.955	5719.91
644.91	5799.6
644.865	5752.61
644.82	5620.43
644.775	5759.96
644.729	5551.87
644.684	5456.61
644.639	5616.8
644.594	5447.95
644.549	5378.06
644.504	5574.98
644.458	5491.29
644.413	5531.79
644.368	5369.98
644.323	5357.62
644.278	5352.16
644.233	5351.29
644.188	5267.72
644.142	5308.22
644.097	5275.2
644.052	5157.25
644.007	5154.12
643.962	5114.26
643.917	5017.04
643.871	5261.76
643.826	4981
643.781	4968.72
643.736	4963.33
643.691	5104.71
643.646	5099.3
643.6	4960.92
643.555	5005.96
643.51	4876.81
643.465	4841.65
643.42	4836.29
643.374	4874.45
643.329	4825.56
643.284	4749.21
643.239	4764.47
643.194	4662.98
643.149	4753.77
643.103	4679.77
643.058	4656.14
643.013	4584.46
642.968	4572.28
642.923	4486.93
642.877	4570.8
642.832	4478.62
642.787	4509.89
642.742	4474.88
642.697	4421.6
642.651	4544.25
642.606	4379.05
642.561	4449.14
642.516	4391.33
642.471	4397.47
642.425	4271.2
642.38	4336.7
642.335	4210.48
642.29	4230.33
642.245	4307.21
642.199	4108.07
642.154	4219.15
642.109	4145.5
642.064	4165.34
642.019	4180.62
641.973	4129.81
641.928	4092.68
641.883	4046.44
641.838	4013.89
641.793	3951.75
641.747	3980.71
641.702	3863.94
641.657	3927.06
641.612	3962.84
641.566	3903.02
641.521	3900.12
641.476	3997.31
641.431	3848.81
641.386	3884.57
641.34	3813.45
641.295	3792.37
641.25	3780.38
641.205	3763.86
641.159	3797.34
641.114	3805.81
641.069	3768.84
641.024	3693.27
640.979	3599.56
640.933	3735.22
640.888	3652.88
640.843	3699.95
640.798	3542.75
640.752	3610.25
640.707	3557.49
640.662	3461.63
640.617	3504.16
640.571	3558.02
640.526	3512.09
640.481	3432.18
640.436	3533.62
640.39	3455.99
640.345	3435.04
640.3	3407.29
640.255	3345.58
640.209	3306.54
640.164	3342.23
640.119	3248.86
640.074	3298.13
640.028	3347.39
639.983	3274.43
639.938	3215.07
639.893	3291.46
639.847	3286.41
639.802	3245.16
639.757	3228.81
639.712	3194.37
639.666	3243.58
639.621	3211.41
639.576	3149.88
639.531	3110.96
639.485	3144.34
639.44	3058
639.395	3075.57
639.35	3005.08
639.304	3052
639.259	3028.93
639.214	2951.71
639.168	2928.67
639.123	3043.24
639.078	2977.34
639.033	3040
638.987	2944.8
638.942	2962.35
638.897	2975.4
638.852	2992.94
638.806	2972.17
638.761	2908.61
638.716	2955.44
638.67	2961.71
638.625	2902.68
638.58	2866.18
638.535	2885.98
638.489	2743.71
638.444	2925.54
638.399	2814.82
638.353	2823.36
638.308	2847.64
638.263	2730.23
638.218	2770.26
638.172	2704.61
638.127	2753.62
638.082	2802.62
638.036	2685.31
637.991	2696.1
637.946	2736.1
637.901	2684
637.855	2723.98
637.81	2651.69
637.765	2568.19
637.719	2648.58
637.674	2670.59
637.629	2710.54
637.583	2618.12
637.538	2552.64
637.493	2576.89
637.448	2628.05
637.402	2580.54
637.357	2559.94
637.312	2512.46
637.266	2579.27
637.221	2538.52
637.176	2542.59
637.13	2481.7
637.085	2440.98
637.04	2507.76
636.994	2478.24
636.949	2486.79
636.904	2484.15
636.858	2445.7
636.813	2407.27
636.768	2478.46
636.723	2440.03
636.677	2385.97
636.632	2439.24
636.587	2389.66
636.541	2353.51
636.496	2350.89
636.451	2301.35
636.405	2285.34
636.36	2305.06
636.315	2371.68
636.269	2324.41
636.224	2326.26
636.179	2368.29
636.133	2321.04
636.088	2280.49
636.043	2215.42
635.997	2290.9
635.952	2294.99
635.907	2285.69
635.861	2178.3
635.816	2291.63
635.771	2293.48
635.725	2215.11
635.68	2254.86
635.635	2238.89
635.589	2187.3
635.544	2173.58
635.498	2137.6
635.453	2188.45
635.408	2152.48
635.362	2232.25
635.317	2174.03
635.272	2284.91
635.226	2133.27
635.181	2132.92
635.136	2099.22
635.09	2098.88
635.045	2158.55
635	2147.09
634.954	2004.51
634.909	2006.4
634.864	2034.95
634.818	2059.05
634.773	2072.04
634.727	2142.76
634.682	2026.96
634.637	2035.51
634.591	2123.95
634.546	2103.63
634.501	2054.48
634.455	2060.8
634.41	2000.57
634.365	2124.43
634.319	2064.22
634.274	1928.65
634.228	2005.91
634.183	1981.21
634.138	2025.2
634.092	1911.88
634.047	1955.87
634.002	1988.77
633.956	1957.44
633.911	1959.33
633.865	1990
633.82	1971.97
633.775	1891.98
633.729	1973.54
633.684	1869.24
633.638	1924.23
633.593	1864.21
633.548	1890.43
633.502	1872.44
633.457	1911.92
633.412	1896.13
633.366	1864.89
633.321	1855.75
633.275	1822.31
633.23	1802.13
633.185	1865.87
633.139	1845.7
633.094	1838.77
633.048	1803.16
633.003	1831.55
632.958	1820.22
632.912	1817.71
632.867	1819.62
632.821	1739.93
632.776	1803.59
632.731	1737.16
632.685	1831.65
632.64	1791.68
632.594	1760.54
632.549	1793.3
632.504	1762.16
632.458	1720.03
632.413	1759.38
632.367	1737.08
632.322	1705.97
632.276	1743.11
632.231	1740.62
632.186	1672.13
632.14	1603.66
632.095	1662.78
632.049	1732.88
632.004	1693.02
631.959	1642.18
631.913	1622.13
631.868	1694.38
631.822	1647.96
631.777	1678.45
631.731	1660.6
631.686	1686.68
631.641	1719.34
631.595	1661.98
631.55	1661.7
631.504	1689.96
631.459	1582.16
631.413	1649.91
631.368	1733
631.323	1583.57
631.277	1589.89
631.232	1631.29
631.186	1631.02
631.141	1646.09
631.095	1632.67
631.05	1584.2
631.004	1667.19
630.959	1623.11
630.914	1607.51
630.868	1688.26
630.823	1650.77
630.777	1650.49
630.732	1586.75
630.686	1599.62
630.641	1514.03
630.595	1535.66
630.55	1526.65
630.505	1589.82
630.459	1574.25
630.414	1506.23
630.368	1578.11
630.323	1558.18
630.277	1592.88
630.232	1533.63
630.186	1559.59
630.141	1637.96
630.096	1556.9
630.05	1495.51
630.005	1578.21
629.959	1508.11
629.914	1414.03
629.868	1540.34
629.823	1513.91
629.777	1524.57
629.732	1522.13
629.686	1558.95
629.641	1497.65
629.595	1532.28
629.55	1510.23
629.504	1457.69
629.459	1481.42
629.414	1424.54
629.368	1428.66
629.323	1458.91
629.277	1432.54
629.232	1480.19
629.186	1375.48
629.141	1492.76
629.095	1481.64
629.05	1442.24
629.004	1470.27
628.959	1417.84
628.913	1395.86
628.868	1402.16
628.822	1393.23
628.777	1469.06
628.731	1488.37
628.686	1440.33
628.64	1472.68
628.595	1385.57
628.549	1413.57
628.504	1422.02
628.458	1417.44
628.413	1428.06
628.367	1373.57
628.322	1401.55
628.276	1394.81
628.231	1409.76
628.185	1383.51
628.14	1346.42
628.094	1432.91
628.049	1376.32
628.003	1408.6
627.958	1417.03
627.912	1460.13
627.867	1433.89
627.821	1316.71
627.776	1316.49
627.73	1346.59
627.685	1381
627.639	1387.26
627.594	1354.57
627.548	1408.44
627.503	1384.41
627.457	1356.06
627.412	1334.22
627.366	1353.45
627.321	1333.78
627.275	1322.75
627.23	1335.5
627.184	1391.45
627.139	1352.34
627.093	1302.43
627.048	1291.42
627.002	1321.44
626.957	1353.6
626.911	1290.78
626.866	1329.41
626.82	1361.56
626.775	1328.97
626.729	1339.54
626.683	1337.16
626.638	1393
626.592	1269.88
626.547	1295.54
626.501	1286.7
626.456	1329.59
626.41	1348.76
626.365	1286.06
626.319	1296.62
626.274	1350.24
626.228	1261.74
626.183	1272.3
626.137	1340.96
626.092	1308.46
626.046	1273.82
626	1288.66
625.955	1258.34
625.909	1311.9
625.864	1264.37
625.818	1210.41
625.773	1294.05
625.727	1276.64
625.682	1227
625.636	1267.62
625.591	1250.23
625.545	1262.91
625.499	1299.2
625.454	1206.66
625.408	1165.67
625.363	1221.29
625.317	1216.79
625.272	1216.59
625.226	1276.46
625.181	1280.54
625.135	1261.02
625.089	1224.36
625.044	1222.01
624.998	1204.66
624.953	1258.04
624.907	1274.98
624.862	1212.63
624.816	1244.56
624.77	1216.52
624.725	1186.33
624.679	1246.09
624.634	1220.19
624.588	1209.29
624.543	1230.49
624.497	1213.16
624.452	1178.74
624.406	1172.12
624.36	1242.5
624.315	1229.47
624.269	1156.57
624.224	1177.76
624.178	1149.78
624.132	1226.51
624.087	1207.08
624.041	1209.02
623.996	1161.83
623.95	1227.83
623.905	1214.82
623.859	1218.89
623.813	1205.88
623.768	1203.54
623.722	1190.54
623.677	1171.15
623.631	1205.08
623.585	1138.77
623.54	1121.52
623.494	1172.5
623.449	1249.04
623.403	1189.16
623.357	1182.57
623.312	1190.89
623.266	1160.87
623.221	1175.59
623.175	1134.94
623.129	1179.46
623.084	1140.95
623.038	1145.01
622.993	1200.15
622.947	1125.48
622.901	1114.66
622.856	1122.98
622.81	1116.42
622.765	1114.1
622.719	1092.66
622.673	1100.98
622.628	1143.3
622.582	1132.49
622.537	1132.3
622.491	1155.47
622.445	1102.19
622.4	1135.98
622.354	1159.14
622.309	1105.88
622.263	1129.04
622.217	1145.83
622.172	1149.88
622.126	1126.36
622.08	1136.78
622.035	1098.42
621.989	1197.88
621.944	1119.25
621.898	1144.5
621.852	1027.76
621.807	1129.28
621.761	1120.62
621.715	1090.78
621.67	1090.6
621.624	1098.89
621.579	1157.98
621.533	1117.57
621.487	1127.97
621.442	1068.53
621.396	1108.55
621.35	1091.45
621.305	1084.92
621.259	1065.71
621.214	1103.59
621.168	1044.21
621.122	1086.31
621.077	1045.98
621.031	1132.43
620.985	1060.42
620.94	1068.69
620.894	1098.07
620.848	1125.34
620.803	1070.27
620.757	1076.42
620.711	1019.26
620.666	1071.84
620.62	1156.04
620.575	1079.92
620.529	1033.34
620.483	1071.12
620.438	995.052
620.392	1110.82
620.346	1036.87
620.301	1087.27
620.255	1034.42
620.209	1070.05
620.164	1069.87
620.118	1063.38
620.072	1052.67
620.027	1081.97
619.981	1086
619.935	1077.4
619.89	1058.28
619.844	1066.52
619.798	1009.56
619.753	1022
619.707	1051.27
619.661	1097.34
619.616	1082.44
619.57	1096.97
619.524	1067.38
619.479	1048.29
619.433	1064.92
619.387	1031.14
619.342	1039.37
619.296	995.105
619.25	1034.82
619.205	1070.32
619.159	1003
619.113	1076.26
619.068	1004.76
619.022	1019.27
618.976	1082.01
618.931	1035.71
618.885	1006.19
618.839	1050.03
618.793	1035.19
618.748	1039.2
618.702	1018.08
618.656	1045.14
618.611	1013.55
618.565	988.258
618.519	1029.96
618.474	1036.07
618.428	1010.78
618.382	972.951
618.337	1056.47
618.291	1006.09
618.245	1020.56
618.199	993.209
618.154	1022.31
618.108	1032.59
618.062	1034.51
618.017	1025.98
617.971	1029.98
617.925	979.679
617.88	971.161
617.834	1035.73
617.788	1039.73
617.742	1004.07
617.697	1018.51
617.651	978.695
617.605	1039.04
617.56	972.109
617.514	1019.92
617.468	946.758
617.423	977.875
617.377	956.865
617.331	962.957
617.285	975.3
617.24	991.805
617.194	995.806
617.148	972.726
617.102	987.141
617.057	928.674
617.011	1022.2
616.965	986.645
616.92	978.155
616.874	965.506
616.828	971.585
616.782	998.464
616.737	879.749
616.691	902.475
616.645	973.013
616.6	991.558
616.554	962.295
616.508	982.913
616.462	916.262
616.417	997.125
616.371	974.111
616.325	926.185
616.279	973.784
616.234	934.177
616.188	940.247
616.142	948.391
616.096	908.808
616.051	916.954
616.005	956.21
615.959	924.942
615.914	941.374
615.868	918.411
615.822	961.786
615.776	953.335
615.731	911.733
615.685	919.866
615.639	923.855
615.593	900.918
615.548	871.776
615.502	913.037
615.456	894.254
615.41	947.915
615.365	906.369
615.319	914.493
615.273	866.761
615.227	879.025
615.182	889.217
615.136	928.352
615.09	917.859
615.044	874.3
614.999	909.284
614.953	876.072
614.907	913.11
614.861	890.236
614.815	939.651
614.77	933.298
614.724	900.11
614.678	885.509
614.632	889.488
614.587	879.021
614.541	887.126
614.495	833.345
614.449	866.203
614.404	849.561
614.358	849.418
614.312	861.643
614.266	840.888
614.22	857.232
614.175	879.751
614.129	867.243
614.083	836.203
614.037	842.24
613.992	879.159
613.946	856.367
613.9	847.99
613.854	829.326
613.808	874.452
613.763	841.39
613.717	841.248
613.671	836.993
613.625	843.021
613.58	877.828
613.534	807.794
613.488	865.201
613.442	852.727
613.396	844.366
613.351	842.169
613.305	798.899
613.259	825.458
613.213	817.107
613.167	821.075
613.122	835.303
613.076	796.174
613.03	824.763
612.984	761.034
612.938	781.415
612.893	867.409
612.847	801.654
612.801	799.469
612.755	805.483
612.709	774.609
612.664	829.798
612.618	815.318
612.572	813.132
612.526	774.086
612.48	806.716
612.435	800.438
612.389	759.367
612.343	783.796
612.297	793.895
612.251	787.623
612.206	824.308
612.16	789.402
612.114	813.806
612.068	801.402
612.022	754.254
611.976	764.345
611.931	786.693
611.885	739.571
611.839	702.678
611.793	776.083
611.747	741.238
611.702	796.237
611.656	802.227
611.61	816.378
611.564	746.86
611.518	756.935
611.472	783.326
611.427	738.323
611.381	725.963
611.335	756.423
611.289	689.024
611.243	711.328
611.197	733.624
611.152	715.162
611.106	743.561
611.06	731.215
611.014	727.018
610.968	704.498
610.922	743.059
610.877	720.543
610.831	685.825
610.785	665.362
610.739	724.247
610.693	728.192
610.647	681.294
610.602	652.711
610.556	670.898
610.51	709.406
610.464	711.318
610.418	688.846
610.372	676.539
610.327	702.832
610.281	731.146
610.235	720.87
610.189	706.536
610.143	712.506
610.097	665.705
610.051	675.738
610.006	693.884
609.96	638.996
609.914	683.508
609.868	661.086
609.822	699.497
609.776	713.569
609.73	693.179
609.685	725.486
609.639	672.683
609.593	672.569
609.547	633.971
609.501	619.688
609.455	676.277
609.409	686.285
609.363	665.927
609.318	675.933
609.272	671.772
609.226	653.451
609.18	667.499
609.134	633.005
609.088	663.229
609.042	648.964
608.997	675.132
608.951	575.988
608.905	676.924
608.859	638.423
608.813	632.255
608.767	620.03
608.721	638.098
608.675	605.687
608.63	643.937
608.584	635.755
608.538	585.199
608.492	647.645
608.446	629.38
608.4	683.73
608.354	584.802
608.308	655.271
608.262	641.048
608.217	590.551
608.171	598.512
608.125	598.41
608.079	596.294
608.033	614.32
607.987	646.437
607.941	622.166
607.895	587.837
607.849	619.942
607.804	557.45
607.758	571.44
607.712	533.12
607.666	599.406
607.62	579.194
607.574	599.203
607.528	572.966
607.482	617.09
607.436	572.771
607.39	602.814
607.345	576.594
607.299	580.514
607.253	550.29
607.207	556.22
607.161	562.149
607.115	535.958
607.069	586.042
607.023	573.902
606.977	543.71
606.931	515.534
606.885	573.61
606.84	549.449
606.794	503.241
606.748	573.317
606.702	549.168
606.656	567.11
606.61	538.964
606.564	550.892
606.518	546.792
606.472	576.737
606.426	538.597
606.38	510.479
606.334	492.378
606.288	540.323
606.243	482.207
606.197	492.127
606.151	524.046
606.105	477.961
606.059	521.868
606.013	533.774
605.967	519.692
605.921	487.628
605.875	511.522
605.829	533.411
605.783	499.364
605.737	505.27
605.691	501.19
605.645	463.173
605.6	509.004
605.554	486.964
605.508	496.858
605.462	476.823
605.416	484.72
605.37	464.694
605.324	496.52
605.278	456.561
605.232	466.45
605.186	480.321
605.14	480.24
605.094	468.204
605.048	466.132
605.002	499.911
604.956	493.852
604.91	455.938
604.864	451.879
604.818	473.696
604.773	449.735
604.727	475.524
604.681	473.454
604.635	455.472
604.589	471.303
604.543	447.364
604.497	461.203
604.451	449.199
604.405	441.173
604.359	468.915
604.313	441.022
604.267	442.933
604.221	417.041
604.175	474.551
604.129	434.766
604.083	460.495
604.037	416.756
603.991	466.291
603.945	398.759
603.899	434.395
603.853	410.522
603.807	422.349
603.761	434.172
603.715	398.419
603.669	382.496
603.623	398.283
603.577	400.196
603.531	453.61
603.485	421.845
603.44	427.713
603.394	423.68
603.348	433.505
603.302	415.619
603.256	405.654
603.21	395.692
603.164	383.756
603.118	395.557
603.072	383.625
603.026	399.376
602.98	411.168
602.934	393.31
602.888	345.817
602.842	389.224
602.796	393.109
602.75	369.34
602.704	373.227
602.658	373.163
602.612	398.762
602.566	384.878
602.52	414.413
602.474	378.827
602.428	368.898
602.382	370.808
602.336	382.576
602.29	368.709
602.244	360.76
602.198	392.235
602.152	419.758
602.106	384.22
602.06	330.963
602.014	380.149
601.968	382.053
601.922	376.08
601.876	370.11
601.83	358.237
601.784	385.727
601.738	358.114
601.692	397.399
601.646	330.454
601.6	377.597
601.554	328.374
601.508	367.637
601.462	379.368
601.416	357.685
601.37	316.359
601.324	373.279
601.278	343.751
601.232	308.341
601.186	349.524
601.14	365.17
601.094	335.664
601.048	341.494
601.002	374.794
600.955	335.491
600.909	351.126
600.863	382.446
600.817	333.358
600.771	368.591
600.725	346.965
600.679	356.705
600.633	313.533
600.587	325.235
600.541	344.768
600.495	348.626
600.449	315.276
600.403	319.138
600.357	322.998
600.311	330.772
600.265	324.844
600.219	336.528
600.173	336.47
600.127	330.545
600.081	287.466
600.035	297.193
599.989	314.736
599.943	306.863
599.897	297.04
599.851	349.743
599.805	298.891
599.759	287.121
599.713	330.034
599.667	314.357
599.62	285.02
599.574	275.212
599.528	302.486
599.482	316.093
599.436	292.628
599.39	300.38
599.344	280.826
599.298	298.327
599.252	315.821
599.206	270.936
599.16	265.043
599.114	288.379
599.068	294.174
599.022	270.75
598.976	288.231
598.93	284.287
598.884	282.291
598.838	264.724
598.791	288.032
598.745	293.82
598.699	278.206
598.653	291.774
598.607	299.503
598.561	322.786
598.515	268.294
598.469	270.191
598.423	256.54
598.377	277.871
598.331	285.594
598.285	289.43
598.239	268.017
598.193	256.32
598.147	264.042
598.1	279.525
598.054	262.01
598.008	265.846
597.962	287.141
597.916	256.055
597.87	232.737
597.824	267.602
597.778	236.535
597.732	248.125
597.686	265.525
597.64	251.915
597.594	259.621
597.547	271.2
597.501	249.848
597.455	238.186
597.409	269.123
597.363	265.205
597.317	245.805
597.271	251.568
597.225	228.307
597.179	232.136
597.133	263.043
597.087	262.997
597.04	220.416
596.994	241.642
596.948	251.264
596.902	239.626
596.856	226.06
596.81	227.953
596.764	210.53
596.718	210.494
596.672	247.143
596.626	218.143
596.58	256.708
596.533	247.015
596.487	250.831
596.441	225.709
596.395	217.955
596.349	204.418
596.303	221.736
596.257	246.759
596.211	225.515
596.165	237.039
596.118	231.217
596.072	235.03
596.026	238.842
595.98	190.655
595.934	231.058
595.888	234.868
595.842	213.654
595.796	229.013
595.75	248.215
595.703	207.772
595.657	240.436
595.611	221.163
595.565	205.742
595.519	209.551
595.473	226.814
595.427	213.322
595.381	203.678
595.334	211.328
595.288	234.341
595.242	207.414
595.196	211.218
595.15	226.54
595.104	182.352
595.058	201.513
595.012	211.072
594.965	172.665
594.919	189.899
594.873	174.524
594.827	212.844
594.781	199.386
594.735	214.687
594.689	206.984
594.642	212.696
594.596	189.669
594.55	203.045
594.504	193.434
594.458	206.805
594.412	208.683
594.366	189.505
594.319	204.783
594.273	195.18
594.227	206.626
594.181	189.374
594.135	170.216
594.089	196.957
594.043	168.245
593.996	185.42
593.95	194.944
593.904	198.732
593.858	191.055
593.812	177.651
593.766	196.719
593.72	198.594
593.673	219.561
593.627	166.074
593.581	177.497
593.535	185.099
593.489	177.435
593.443	167.867
593.396	192.632
593.35	162.088
593.304	200.191
593.258	163.938
593.212	160.097
593.166	171.503
593.119	173.379
593.073	182.873
593.027	201.888
592.981	173.289
592.935	196.106
592.889	167.518
592.842	171.295
592.796	188.392
592.75	173.138
592.704	167.401
592.658	174.98
592.612	163.54
592.565	174.92
592.519	167.285
592.473	169.157
592.427	207.134
592.381	150.098
592.335	163.37
592.288	176.637
592.242	153.818
592.196	180.373
592.15	186.036
592.104	151.84
592.057	180.279
592.011	189.734
591.965	153.658
591.919	172.598
591.873	182.05
591.827	176.33
591.78	161.134
591.734	166.792
591.688	157.288
591.642	179.997
591.596	132.606
591.549	134.477
591.503	157.179
591.457	164.725
591.411	162.803
591.365	157.097
591.318	177.886
591.272	140.013
591.226	172.149
591.18	158.879
591.134	158.851
591.087	153.151
591.041	168.248
590.995	158.768
590.949	139.843
590.903	149.266
590.856	136.016
590.81	149.214
590.764	149.188
590.718	137.833
590.672	134.034
590.625	156.66
590.579	154.746
590.533	150.945
590.487	137.714
590.441	160.323
590.394	141.437
590.348	126.329
590.302	150.814
590.256	147.018
590.21	137.57
590.163	156.388
590.117	126.219
590.071	154.45
590.025	137.474
589.978	141.216
589.932	160.017
589.886	150.578
589.84	152.433
589.794	154.288
589.747	144.855
589.701	144.83
589.655	161.73
589.609	139.139
589.562	152.274
589.516	139.09
589.47	146.583
589.424	139.042
589.377	127.746
589.331	140.872
589.285	146.481
589.239	133.312
589.193	118.27
589.146	122.004
589.1	157.639
589.054	136.972
589.008	151.956
588.961	161.308
588.915	135.025
588.869	118.126
588.823	159.348
588.776	136.828
588.73	142.427
588.684	142.402
588.638	121.77
588.591	138.606
588.545	127.345
588.499	142.302
588.453	114.196
588.406	144.124
588.36	147.842
588.314	142.203
588.268	129.083
588.221	125.319
588.175	127.168
588.129	140.234
588.083	114.037
588.036	143.923
587.99	110.259
587.944	117.714
587.898	128.902
587.851	153.162
587.805	138.195
587.759	126.968
587.713	145.614
587.666	138.122
587.62	125.035
587.574	128.745
587.528	102.605
587.481	136.161
587.435	128.677
587.389	130.519
587.343	123.04
587.296	139.793
587.25	119.269
587.204	102.479
587.158	109.913
587.111	113.619
587.065	121.048
587.019	109.855
586.972	130.314
586.926	122.846
586.88	132.13
586.834	113.5
586.787	119.061
586.741	115.32
586.695	132.037
586.648	118.998
586.602	126.414
586.556	105.946
586.51	109.644
586.463	128.205
586.417	115.179
586.371	109.587
586.325	139.281
586.278	103.978
586.232	131.806
586.186	128.071
586.139	113.202
586.093	122.46
586.047	133.569
586.001	103.869
585.954	109.414
585.908	118.665
585.862	103.814
585.815	107.503
585.769	118.603
585.723	92.6424
585.676	125.972
585.63	116.689
585.584	107.409
585.538	81.4682
585.491	122.181
585.445	125.861
585.399	103.632
585.352	109.165
585.306	118.395
585.26	123.923
585.213	125.751
585.167	99.8435
585.121	96.1287
585.075	88.7186
585.028	96.095
584.982	101.621
584.936	96.0613
584.889	103.432
584.843	108.954
584.797	125.552
584.75	90.4557
584.704	112.588
584.658	101.496
584.611	103.324
584.565	97.7712
584.519	94.0652
584.473	94.0487
584.426	103.251
584.38	88.4853
584.334	97.6854
584.287	116.096
584.241	105.021
584.195	108.687
584.148	103.142
584.102	95.7581
584.056	104.947
584.009	92.0427
583.963	110.432
583.917	106.732
583.87	79.115
583.824	101.176
583.778	114.033
583.731	93.7846
583.685	108.477
583.639	110.296
583.592	106.601
583.546	101.069
583.5	102.889
583.453	108.382
583.407	75.3027
583.361	106.507
583.314	78.9483
583.268	89.9485
583.222	113.792
583.175	97.257
583.129	93.5704
583.083	97.2227
583.036	95.3716
582.99	100.856
582.944	99.0048
582.897	100.821
582.851	100.803
582.805	84.2929
582.758	100.767
582.712	106.245
582.666	87.9114
582.619	89.7271
582.573	106.189
582.527	80.5429
582.48	97.0005
582.434	95.1535
582.388	102.455
582.341	85.9738
582.295	87.7876
582.249	80.4578
582.202	87.7567
582.156	85.9133
582.109	104.174
582.063	71.2646
582.017	98.6567
581.97	91.3327
581.924	98.6219
581.878	113.213
581.831	87.633
581.785	96.7444
581.739	91.2522
581.692	98.535
581.646	80.2736
581.599	98.5003
581.553	93.0116
581.507	92.9952
581.46	82.0401
581.414	107.545
581.368	109.348
581.321	81.9967
581.275	71.0513
581.229	72.8602
581.182	100.165
581.136	78.2971
581.089	120.156
581.043	91.011
580.997	76.4358
580.95	94.6181
580.904	110.975
580.858	103.679
580.811	87.2935
580.765	83.6415
580.718	78.1728
580.672	85.4296
580.626	83.5972
580.579	76.3144
580.533	103.551
580.487	81.7365
580.44	83.5381
580.394	87.1548
580.347	92.5857
580.301	101.645
580.255	74.4053
580.208	81.6499
580.162	85.2637
580.115	88.8763
580.069	83.4201
580.023	67.0869
579.976	72.5136
579.93	101.501
579.883	85.1733
579.837	99.6533
579.791	83.3317
579.744	88.7506
579.698	94.1677
579.652	92.3405
579.605	92.3241
579.559	86.8779
579.512	79.624
579.466	88.6565
579.42	85.0228
579.373	68.7297
579.327	65.1008
579.28	74.1295
579.234	95.809
579.187	79.5254
579.141	90.3538
579.095	79.4973
579.048	77.6768
579.002	79.4691
578.955	74.0377
578.909	68.6081
578.863	57.765
578.816	70.3887
578.77	90.2259
578.723	90.2099
578.677	73.959
578.631	86.5709
578.584	66.7199
578.538	82.9343
578.491	75.7092
578.445	75.6958
578.398	68.4746
578.352	73.8674
578.306	77.4569
578.259	86.4482
578.213	84.6322
578.166	88.2179
578.12	70.2018
578.074	70.1894
578.027	68.3775
577.981	64.7672
577.934	95.3348
577.888	71.9381
577.841	61.1365
577.795	75.5082
577.749	88.0772
577.702	80.8729
577.656	80.8586
577.609	71.8615
577.563	75.4412
577.516	64.6524
577.47	82.5968
577.424	75.4011
577.377	70.0029
577.331	91.5259
577.284	71.7723
577.238	82.5235
577.191	62.7785
577.145	71.7341
577.098	73.5144
577.052	66.3305
577.006	87.8275
576.959	78.8515
576.913	59.1281
576.866	60.909
576.82	69.8538
576.773	68.0506
576.727	69.829
576.681	85.9282
576.634	64.4347
576.588	69.7918
576.541	66.201
576.495	62.6114
576.448	71.5432
576.402	75.107
576.355	60.7901
576.309	75.0803
576.262	55.4066
576.216	60.7577
576.17	64.3202
576.123	57.1634
576.077	73.2275
576.03	67.8574
575.984	74.9869
575.937	64.2631
575.891	74.9602
575.844	94.5758
575.798	78.5018
575.751	73.1364
575.705	96.3089
575.658	67.7609
575.612	69.5317
575.566	80.2146
575.519	73.0714
575.473	64.1488
575.426	69.4822
575.38	80.1575
575.333	65.8955
575.287	67.6644
575.24	76.554
575.194	74.7604
575.147	69.408
575.101	64.0575
575.054	55.1508
575.008	71.1496
574.961	62.2448
574.915	80.0148
574.868	62.2227
574.822	76.4314
574.776	74.6406
574.729	58.6357
574.683	78.1671
574.636	55.0624
574.59	76.3633
574.543	83.452
574.497	60.3588
574.45	60.348
574.404	44.3656
574.357	62.1008
574.311	67.4117
574.264	63.8523
574.218	47.8807
574.171	109.929
574.125	63.8182
574.078	70.8964
574.032	72.6559
573.985	72.6429
573.939	67.3156
573.892	83.2439
573.846	61.9791
573.799	67.2795
573.753	67.2675
573.706	54.8664
573.66	67.2435
573.613	58.3853
573.567	76.0642
573.52	61.9017
573.474	65.4272
573.427	65.4155
573.381	61.8685
573.334	67.1595
573.288	74.2157
573.241	49.4683
573.195	74.1892
573.148	84.7725
573.102	47.676
573.055	65.3221
573.009	52.9544
572.962	72.3581
572.916	61.7581
572.869	79.3891
572.823	59.9721
572.776	65.2521
572.73	68.767
572.683	52.8882
572.637	75.7929
572.59	54.6316
572.544	72.2418
572.497	72.2289
572.451	73.9774
572.404	70.442
572.358	52.8221
572.311	52.8126
572.265	58.0835
572.218	80.9504
572.172	63.3412
572.125	58.0523
572.079	70.3539
572.032	68.5828
571.985	58.0212
571.939	58.0108
571.892	79.0915
571.846	72.0482
571.799	72.0353
571.753	66.7525
571.706	54.4462
571.66	59.7045
571.613	52.671
571.567	64.9493
571.52	52.6522
571.474	52.6428
571.427	61.4055
571.381	59.6404
571.334	45.5992
571.288	61.3726
571.241	66.6211
571.194	63.1034
571.148	49.0717
571.101	56.0719
571.055	54.3099
571.008	82.326
570.962	36.7774
570.915	57.7827
570.869	50.7696
570.822	59.5123
570.776	56.0015
570.729	68.2396
570.683	55.9815
570.636	76.9607
570.589	73.4493
570.543	59.4483
570.496	71.6748
570.45	62.9227
570.403	54.1737
570.357	68.1418
570.31	62.8888
570.264	57.6378
570.217	55.8811
570.17	57.6171
570.124	68.0807
570.077	59.3418
570.031	50.6059
569.984	61.0652
569.938	61.0542
569.891	50.5787
569.845	76.7263
569.798	73.2256
569.751	78.4419
569.705	73.1993
569.658	57.5034
569.612	60.9775
569.565	60.9666
569.519	55.7308
569.472	45.2732
569.426	47.006
569.379	62.6634
569.332	60.9118
569.286	46.9807
569.239	46.9722
569.193	55.6608
569.146	69.5635
569.1	45.2081
569.053	57.3693
569.006	69.526
568.96	46.9216
568.913	53.8633
568.867	52.1164
568.82	69.476
568.774	60.7806
568.727	50.352
568.68	60.7587
568.634	59.0121
568.587	67.6782
568.541	60.7259
568.494	52.0414
568.447	65.9073
568.401	60.6932
568.354	58.9485
568.308	60.6713
568.261	71.0593
568.215	38.1225
568.168	71.0338
568.121	71.021
568.075	55.421
568.028	62.3374
567.982	53.6698
567.935	51.9291
567.888	55.3811
567.842	58.8318
567.795	60.5513
567.749	72.6485
567.702	58.8001
567.655	43.2275
567.609	62.2365
567.562	62.2252
567.516	69.1267
567.469	58.7471
567.423	48.3713
567.376	51.817
567.329	60.4423
567.283	55.2516
567.236	60.4205
567.19	53.5056
567.143	58.673
567.096	55.2117
567.05	67.2772
567.003	62.0908
566.956	67.2529
566.91	56.896
566.863	60.3334
566.817	55.152
566.77	58.5884
566.723	53.4092
566.677	48.2319
566.63	70.6125
566.584	51.6584
566.537	65.4222
566.49	58.525
566.444	53.3514
566.397	53.3418
566.351	49.8914
566.304	60.2029
566.257	61.9118
566.211	60.1812
566.164	51.5745
566.117	55.0029
566.071	53.2744
566.024	53.2648
565.978	65.2806
565.931	48.0928
565.884	51.5187
565.838	58.3773
565.791	46.3501
565.745	56.6398
565.698	68.6419
565.651	66.9138
565.605	46.3166
565.558	56.5989
565.511	48.0146
565.465	54.864
565.418	56.5682
565.372	42.847
565.325	54.8342
565.278	61.6773
565.232	54.8144
565.185	41.1033
565.138	54.7946
565.092	58.2087
565.045	54.7747
564.998	56.4762
564.952	61.5993
564.905	53.0342
564.859	44.4723
564.812	47.8846
564.765	68.3941
564.719	52.9959
564.672	35.8939
564.625	44.4321
564.579	51.2585
564.532	56.3741
564.485	64.9039
564.439	44.3999
564.392	58.0509
564.345	58.0404
564.299	54.6163
564.252	51.1936
564.206	46.0659
564.159	63.1158
564.112	44.3436
564.066	49.4513
564.019	51.1472
563.972	40.9104
563.926	54.5373
563.879	54.5274
563.832	44.2955
563.786	64.7278
563.739	54.4977
563.692	52.7851
563.646	54.478
563.599	45.9575
563.552	51.0546
563.506	66.3589
563.459	51.0361
563.412	44.2233
563.366	57.8199
563.319	49.308
563.272	50.9991
563.226	59.4881
563.179	54.3793
563.132	30.5828
563.086	47.5646
563.039	45.8575
562.992	47.5473
562.946	74.7037
562.899	32.2526
562.852	39.0355
562.806	61.0879
562.759	72.9529
562.712	59.3695
562.666	57.6628
562.619	71.2175
562.572	47.4697
562.526	55.9363
562.479	49.1472
562.432	64.3881
562.386	74.5411
562.339	64.3647
562.292	55.8855
562.246	49.1026
562.199	60.9439
562.152	72.7809
562.106	57.5372
562.059	57.5268
562.012	64.2829
561.966	45.6664
561.919	76.0968
561.872	69.3201
561.825	74.3788
561.779	74.3652
561.732	59.1434
561.685	81.0962
561.639	72.6355
561.592	76.0001
561.545	101.315
561.499	86.1021
561.452	89.4623
561.405	109.698
561.359	101.241
561.312	101.223
561.265	106.265
561.219	107.932
561.172	82.6202
561.125	89.3485
561.078	84.2757
561.032	92.6864
560.985	85.9299
560.938	97.7064
560.892	75.7929
560.845	74.0951
560.798	75.7653
560.752	90.9018
560.705	92.5683
560.658	102.648
560.611	74.0277
560.565	99.2463
560.518	89.1372
560.471	90.8025
560.425	92.4672
560.378	94.1313
560.331	82.3499
560.284	82.3348
560.238	95.7598
560.191	70.547
560.144	78.9311
560.098	95.7075
560.051	88.9749
560.004	77.2095
559.957	82.2299
559.911	85.5706
559.864	82.1999
559.817	63.7352
559.771	73.7852
559.724	77.125
559.677	70.4057
559.63	43.5765
559.584	58.65
559.537	55.2885
559.49	67.0041
559.444	65.3171
559.397	48.5602
559.35	70.3158
559.303	61.9336
559.257	60.2487
559.21	63.5842
559.163	50.1889
559.116	60.2157
559.07	53.5153
559.023	51.8335
558.976	48.4805
558.93	40.1145
558.883	61.8319
558.836	51.7956
558.789	55.1272
558.743	48.4363
558.696	45.0876
558.649	53.4274
558.602	41.7325
558.556	43.3939
558.509	55.0668
558.462	36.7045
558.415	45.0382
558.369	48.3655
558.322	51.6916
558.275	51.6822
558.229	56.6733
558.182	51.6633
558.135	53.3201
558.088	43.3146
558.042	61.6288
557.995	39.9681
557.948	69.9314
557.901	73.2481
557.855	51.5972
557.808	49.9236
557.761	58.2336
557.714	44.9148
557.668	46.5698
557.621	48.2242
557.574	51.5406
557.527	36.5705
557.481	44.8737
557.434	49.8506
557.387	39.8732
557.34	56.4766
557.294	49.8232
557.247	51.4745
557.2	46.4846
557.153	58.0951
557.107	54.7654
557.06	48.1183
557.013	63.0401
556.966	54.7353
556.919	53.0669
556.873	66.3215
556.826	58.0207
556.779	56.3526
556.732	64.6279
556.686	61.3024
556.639	49.6956
556.592	61.28
556.545	64.5806
556.499	77.8136
556.452	43.0379
556.405	67.8551
556.358	81.0802
556.312	72.7934
556.265	62.8555
556.218	67.8053
556.171	66.1394
556.124	67.7804
556.078	57.8507
556.031	61.1453
555.984	54.525
555.937	52.863
555.891	61.1116
555.844	46.2381
555.797	64.3913
555.75	61.078
555.703	59.4163
555.657	31.3529
555.61	52.7951
555.563	52.7854
555.516	56.0742
555.47	49.4682
555.423	44.5132
555.376	57.6917
555.329	65.9212
555.282	59.3182
555.236	69.1919
555.189	65.8849
555.142	59.2855
555.095	60.9211
555.048	54.3251
555.002	60.8988
554.955	44.4315
554.908	46.0686
554.861	62.5102
554.814	52.6305
554.768	55.9096
554.721	54.2552
554.674	64.108
554.627	49.3048
554.58	65.7277
554.534	70.6442
554.487	62.4183
554.44	54.1954
554.393	49.2595
554.346	59.1005
554.3	68.9379
554.253	62.3609
554.206	78.7572
554.159	63.9785
554.112	57.406
554.066	70.5144
554.019	68.8618
553.972	57.3743
553.925	55.7248
553.878	49.1599
553.832	73.7262
553.785	52.4179
553.738	42.5817
553.691	58.9484
553.644	42.566
553.598	55.653
553.551	62.189
553.504	60.5413
553.457	50.7144
553.41	42.5268
553.364	70.3199
553.317	62.1317
553.27	42.5033
553.223	53.9366
553.176	42.4877
553.129	62.0859
553.083	39.2049
553.036	62.063
552.989	47.3552
552.942	47.3464
552.895	44.073
552.849	62.0173
552.802	53.8472
552.755	48.943
552.708	53.8273
552.661	57.0791
552.614	53.8075
552.568	52.1673
552.521	57.0475
552.474	55.4073
552.427	37.4745
552.38	43.9837
552.333	53.7479
552.287	47.2243
552.24	40.7031
552.193	40.6956
552.146	52.0807
552.099	50.4439
552.052	52.0615
552.006	56.9318
551.959	65.0529
551.912	63.4148
551.865	47.1459
551.818	55.2643
551.771	53.629
551.725	60.1183
551.678	55.2337
551.631	53.5993
551.584	60.085
551.537	61.6975
551.49	51.9462
551.443	50.3136
551.397	66.5315
551.35	66.5192
551.303	45.4194
551.256	66.4946
551.209	45.4026
551.162	47.0154
551.116	59.9741
551.069	59.963
551.022	50.23
550.975	74.521
550.928	74.5072
550.881	82.5905
550.834	72.8605
550.788	69.6094
550.741	77.6891
550.694	59.8743
550.647	80.8962
550.6	71.1755
550.553	64.693
550.506	69.5322
550.46	74.3695
550.413	54.9586
550.366	61.4129
550.319	51.7066
550.272	53.3125
550.225	54.9179
550.178	74.2869
550.132	64.5853
550.085	59.7304
550.038	62.9474
